(1.13102,0)(-0.230548,0.0169681)
(-0.230548,-0.0169681)(-1.13102,0)

(-0.469811,0)(-0.190745,-1.03179)
(-0.190745,1.03179)(0.469811,0)

(0.89774,0)(-0.0872986,0.159695)
(-0.0872986,-0.159695)(-0.89774,0)

(0.41077,0)(-0.344791,0.655019)
(-0.344791,-0.655019)(-0.41077,0)

(-1.09516,0)(-0.585919,-0.436845)
(-0.585919,0.436845)(1.09516,0)

(-0.474974,0)(-0.204307,-0.897055)
(-0.204307,0.897055)(0.474974,0)

(-0.573746,0)(-0.153313,-0.119596)
(-0.153313,0.119596)(0.573746,0)

(-0.0689814,0)(-0.431097,-0.0978055)
(-0.431097,0.0978055)(0.0689814,0)

(-0.55939,0)(-0.136181,-0.425484)
(-0.136181,0.425484)(0.55939,0)

(-4.69047,0)(2.52123,13.2933)
(2.52123,-13.2933)(4.69047,0)

(-10.2844,0)(2.1197,7.51164)
(2.1197,-7.51164)(10.2844,0)

(-1.82403,0)(1.68727,8.48362)
(1.68727,-8.48362)(1.82403,0)

(4.80366,0)(-2.20321,-1.74593)
(-2.20321,1.74593)(-4.80366,0)

(-2.4129,0)(-2.88259,-4.90042)
(-2.88259,4.90042)(2.4129,0)

(-8.80016,0)(1.55993,5.93486)
(1.55993,-5.93486)(8.80016,0)

(0.384817,0)(-1.53807,-4.42406)
(-1.53807,4.42406)(-0.384817,0)

(-2.03943,0)(-0.906952,2.0064)
(-0.906952,-2.0064)(2.03943,0)

(-3.03309,0)(-0.294167,-0.762903)
(-0.294167,0.762903)(3.03309,0)

