(0.000204804,0.000243965)(-0.000934839,-0.000599681)
(0.000455742,0.00104385)(-0.000204804,-0.000243965)

(7.81173e-005,0.000145377)(-4.85292e-005,0.00102478)
(-0.000974165,2.95351e-005)(-7.81173e-005,-0.000145377)

(-0.000213919,0.000104333)(0.00112307,0.000106816)
(-7.41289e-005,-0.00116182)(0.000213919,-0.000104333)

(0.000234416,0.000363511)(0.000139894,0.00100965)
(-0.000927335,-0.00014256)(-0.000234416,-0.000363511)

(-0.000294759,-0.000440229)(-0.000431501,0.000450686)
(-0.000485894,0.000383036)(0.000294759,0.000440229)

(0.00041542,9.98365e-005)(-0.0005312,-0.000736472)
(0.000776459,0.000581379)(-0.00041542,-9.98365e-005)

(1.97836e-005,0.000347596)(0.00126364,4.14635e-005)
(4.09107e-005,-0.0012822)(-1.97836e-005,-0.000347596)

(-0.000127235,0.00025348)(0.000229268,0.000146234)
(-0.000237439,-0.000195774)(0.000127235,-0.00025348)

(5.91708e-005,0.000800655)(-0.000115582,-0.00015408)
(-7.87151e-005,0.000264579)(-5.91708e-005,-0.000800655)

(-1.23795e-006,-6.73172e-007)(-7.98363e-007,8.07599e-007)
(1.02516e-006,-2.06858e-007)(1.23795e-006,6.73172e-007)

(-6.58162e-007,-3.64611e-008)(1.28873e-006,-2.58346e-008)
(1.68002e-007,1.18895e-006)(6.58162e-007,3.64611e-008)

(4.57733e-007,-2.65271e-007)(1.75584e-007,-1.13493e-006)
(-1.43753e-006,-1.40956e-007)(-4.57733e-007,2.65271e-007)

(-1.59862e-006,-1.25625e-007)(1.19366e-006,-3.01446e-007)
(-1.00061e-007,1.26413e-006)(1.59862e-006,1.25625e-007)

(1.80319e-006,2.78762e-007)(7.24647e-007,6.01616e-007)
(6.65044e-007,3.05853e-007)(-1.80319e-006,-2.78762e-007)

(-1.38612e-006,4.20422e-007)(-1.10702e-006,4.81087e-007)
(6.08935e-007,-5.52946e-007)(1.38612e-006,-4.20422e-007)

(-7.57231e-007,-2.54137e-007)(-1.6867e-008,-1.37414e-006)
(-1.64484e-006,-8.73109e-008)(7.57231e-007,2.54137e-007)

(-2.67927e-007,-8.62847e-007)(2.47232e-007,-3.3339e-007)
(-3.71416e-007,2.50274e-007)(2.67927e-007,8.62847e-007)

(-2.15688e-006,-2.052e-006)(-1.79181e-007,-2.311e-007)
(-1.28645e-007,3.87988e-007)(2.15688e-006,2.052e-006)

