0.408248
(-0.0315766,0)(0.00878359,-0.1325)(0.0251111,-0.438296)(0.0675851,-0.280455)(-0.0952701,0.137321)(-0.280885,-0.20708)
(0.00878359,0.1325)(-0.0754816,0)(-0.0396786,-0.212946)(-0.234421,0.177003)(0.0671236,-0.0403339)(-0.136022,-0.0214372)
(0.0251111,0.438296)(-0.0396786,0.212946)(0.00698016,0)(-0.0575173,-0.197212)(-0.251027,-0.00718587)(0.126713,-0.0512769)
(0.0675851,0.280455)(-0.234421,-0.177003)(-0.0575173,0.197212)(-0.0960241,0)(-0.078193,0.0302818)(-0.0860275,-0.00698336)
(-0.0952701,-0.137321)(0.0671236,0.0403339)(-0.251027,0.00718587)(-0.078193,-0.0302818)(0.397353,0)(-0.0418401,-0.0220044)
(-0.280885,0.20708)(-0.136022,0.0214372)(0.126713,0.0512769)(-0.0860275,0.00698336)(-0.0418401,0.0220044)(-0.201251,0)

(0.370389,0)(-0.278599,-0.143376)(-0.0986398,-0.100281)(-0.116371,-0.323981)(-0.0786288,0.232655)(-0.000622859,0.448039)
(-0.278599,0.143376)(-0.0617052,0)(-0.109879,-0.306728)(-0.0161852,0.345199)(0.0924065,0.112463)(-0.10394,-0.0910702)
(-0.0986398,0.100281)(-0.109879,0.306728)(-0.318212,0)(-0.172693,-0.127565)(-0.0708575,0.0342033)(-0.131483,-0.311069)
(-0.116371,0.323981)(-0.0161852,-0.345199)(-0.172693,0.127565)(0.113921,0)(0.0879,0.243979)(-0.162787,0.0678482)
(-0.0786288,-0.232655)(0.0924065,-0.112463)(-0.0708575,-0.0342033)(0.0879,-0.243979)(0.288853,0)(0.111155,0.126699)
(-0.000622859,-0.448039)(-0.10394,0.0910702)(-0.131483,0.311069)(-0.162787,-0.0678482)(0.111155,-0.126699)(-0.393246,0)

(-0.040853,0)(-0.323598,0.0200531)(0.247515,-0.404491)(-0.121259,-0.00374734)(0.0792919,-0.0391875)(-0.0576372,-0.091893)
(-0.323598,-0.0200531)(-0.0116241,0)(-0.252674,0.308298)(0.148788,-0.11555)(0.375251,-0.0846719)(-0.0857111,0.166774)
(0.247515,0.404491)(-0.252674,-0.308298)(0.355885,0)(-0.204802,-0.201851)(0.224581,0.000371873)(-0.215166,0.0370605)
(-0.121259,0.00374734)(0.148788,0.11555)(-0.204802,0.201851)(-0.194258,0)(-0.20219,-0.117841)(-0.0828459,0.185571)
(0.0792919,0.0391875)(0.375251,0.0846719)(0.224581,-0.000371873)(-0.20219,0.117841)(0.0237189,0)(-0.210947,0.148365)
(-0.0576372,0.091893)(-0.0857111,-0.166774)(-0.215166,-0.0370605)(-0.0828459,-0.185571)(-0.210947,-0.148365)(-0.132868,0)

(-0.323855,0)(0.301977,0.283676)(0.250239,-0.0328621)(-0.364627,-0.00604735)(-0.0107616,0.124936)(-0.109283,0.131516)
(0.301977,-0.283676)(-0.124946,0)(0.132528,0.00915117)(0.00227023,0.158408)(0.160589,0.116159)(-0.134981,0.101893)
(0.250239,0.0328621)(0.132528,-0.00915117)(-0.00878258,0)(-0.0574428,0.182418)(-0.330379,0.107643)(0.0944013,-0.00309244)
(-0.364627,0.00604735)(0.00227023,-0.158408)(-0.0574428,-0.182418)(-0.305413,0)(0.195236,-0.237536)(0.0332614,0.173426)
(-0.0107616,-0.124936)(0.160589,-0.116159)(-0.330379,-0.107643)(0.195236,0.237536)(0.141331,0)(-0.131026,0.139064)
(-0.109283,-0.131516)(-0.134981,-0.101893)(0.0944013,0.00309244)(0.0332614,-0.173426)(-0.131026,-0.139064)(0.621666,0)

(-0.222195,0)(-0.0623829,-0.103885)(-0.0748913,0.123147)(0.0549507,0.289673)(0.224835,-0.283894)(-0.346376,0.119317)
(-0.0623829,0.103885)(-0.102831,0)(-0.152419,0.0009373)(0.332213,0.0134979)(0.0717055,-0.0686567)(0.0324274,0.19597)
(-0.0748913,-0.123147)(-0.152419,-0.0009373)(-0.0720476,0)(-0.107121,0.00023954)(0.159095,0.104344)(0.0202005,-0.165874)
(0.0549507,-0.289673)(0.332213,-0.0134979)(-0.107121,-0.00023954)(0.246971,0)(0.173994,-0.0725089)(-0.0582264,0.193162)
(0.224835,0.283894)(0.0717055,0.0686567)(0.159095,-0.104344)(0.173994,0.0725089)(0.10557,0)(0.209544,-0.052348)
(-0.346376,-0.119317)(0.0324274,-0.19597)(0.0202005,0.165874)(-0.0582264,-0.193162)(0.209544,0.052348)(0.0445324,0)

(0.276054,0)(0.173864,-0.352658)(-0.0177619,0.122994)(0.080642,-0.234288)(-0.112799,-0.0914482)(0.00792971,-0.0340134)
(0.173864,0.352658)(-0.151386,0)(-0.0555492,0.227669)(0.0953269,-0.0584508)(0.0373346,0.418389)(-0.149307,-0.194851)
(-0.0177619,-0.122994)(-0.0555492,-0.227669)(-0.177961,0)(-0.0377916,0.00685614)(0.388046,-0.0213098)(0.00818938,0.0312064)
(0.080642,0.234288)(0.0953269,0.0584508)(-0.0377916,-0.00685614)(-0.0121725,0)(-0.181857,-0.079643)(-0.17842,-0.179622)
(-0.112799,0.0914482)(0.0373346,-0.418389)(0.388046,0.0213098)(-0.181857,0.079643)(-0.160624,0)(0.122894,-0.09707)
(0.00792971,0.0340134)(-0.149307,0.194851)(0.00818938,-0.0312064)(-0.17842,0.179622)(0.122894,0.09707)(0.22609,0)

(-0.386702,0)(0.00943865,-0.258903)(0.200866,0.268666)(0.245821,-0.31926)(-0.233776,0.0780055)(-0.14399,-0.183544)
(0.00943865,0.258903)(0.254727,0)(0.178925,-0.179843)(-0.0561626,-0.54787)(0.212444,0.261332)(0.233458,0.377321)
(0.200866,-0.268666)(0.178925,0.179843)(0.172867,0)(0.0176104,0.0569696)(-0.0311431,0.0804509)(0.12377,0.0625166)
(0.245821,0.31926)(-0.0561626,0.54787)(0.0176104,-0.0569696)(-0.220842,0)(0.0773691,0.111755)(0.336874,-0.139923)
(-0.233776,-0.0780055)(0.212444,-0.261332)(-0.0311431,-0.0804509)(0.0773691,-0.111755)(0.0630079,0)(-0.188437,0.131918)
(-0.14399,0.183544)(0.233458,-0.377321)(0.12377,-0.0625166)(0.336874,0.139923)(-0.188437,-0.131918)(0.116942,0)

(0.231771,0)(0.112376,-0.0422344)(0.0808298,-0.103251)(-0.0941833,-0.232464)(0.0231026,0.059526)(-0.0371104,-0.058085)
(0.112376,0.0422344)(-0.2576,0)(0.168949,-0.199717)(0.172181,-0.292592)(-0.16505,-0.0157901)(0.144308,-0.0176228)
(0.0808298,0.103251)(0.168949,0.199717)(-0.0741743,0)(-0.248326,-0.20014)(-0.197271,0.100751)(-0.0781766,0.0870431)
(-0.0941833,0.232464)(0.172181,0.292592)(-0.248326,0.20014)(0.0570164,0)(0.0108098,-0.0733363)(-0.182208,0.00884986)
(0.0231026,-0.059526)(-0.16505,0.0157901)(-0.197271,-0.100751)(0.0108098,0.0733363)(0.149523,0)(-0.145494,0.025414)
(-0.0371104,0.058085)(0.144308,0.0176228)(-0.0781766,-0.0870431)(-0.182208,-0.00884986)(-0.145494,-0.025414)(-0.106537,0)

(-0.380087,0)(-0.23389,0.00558673)(-0.610003,0.0385793)(-0.165381,-0.010578)(-0.206998,-0.130277)(-0.124204,0.160371)
(-0.23389,-0.00558673)(-0.107526,0)(-0.242845,-0.0713728)(0.0563716,0.0953455)(-0.106786,0.0291197)(-0.0189009,0.206374)
(-0.610003,-0.0385793)(-0.242845,0.0713728)(-0.0596179,0)(0.152607,0.214166)(-0.139709,-0.102155)(0.122207,-0.00195005)
(-0.165381,0.010578)(0.0563716,-0.0953455)(0.152607,-0.214166)(0.0191986,0)(0.242683,-0.0877522)(-0.182283,0.0858425)
(-0.206998,0.130277)(-0.106786,-0.0291197)(-0.139709,0.102155)(0.242683,0.0877522)(-0.301685,0)(0.0188814,0.0103578)
(-0.124204,-0.160371)(-0.0189009,-0.206374)(0.122207,0.00195005)(-0.182283,-0.0858425)(0.0188814,-0.0103578)(0.829717,0)

(-0.000103286,0)(1.67271e-005,0.000886736)(-2.16849e-005,0.00413037)(0.000339756,0.00208571)(9.13016e-006,-0.000985319)(0.00244519,0.00215755)
(1.67271e-005,-0.000886736)(0.00119905,0)(0.000529385,0.00172888)(0.00185354,-0.00100173)(-0.000731672,0.000471009)(0.000668882,0.00029819)
(-2.16849e-005,-0.00413037)(0.000529385,-0.00172888)(-0.000558484,0)(-0.000482698,0.00132469)(0.00159266,8.34527e-005)(-0.000716833,0.000570307)
(0.000339756,-0.00208571)(0.00185354,0.00100173)(-0.000482698,-0.00132469)(2.38232e-006,0)(0.000736759,3.6465e-005)(0.000435341,0.000137605)
(9.13016e-006,0.000985319)(-0.000731672,-0.000471009)(0.00159266,-8.34527e-005)(0.000736759,-3.6465e-005)(-0.00149785,0)(0.000788179,0.000171916)
(0.00244519,-0.00215755)(0.000668882,-0.00029819)(-0.000716833,-0.000570307)(0.000435341,-0.000137605)(0.000788179,-0.000171916)(0.000958189,0)

(-0.00308105,0)(0.0015354,5.38128e-005)(0.000239645,0.00100012)(0.00161862,0.00165224)(0.000325307,-0.00152304)(0.000921928,-0.00354199)
(0.0015354,-5.38128e-005)(0.00099934,0)(0.0011103,0.00236904)(0.000136101,-0.00215785)(-0.000854972,-0.00102546)(7.93806e-005,0.000608806)
(0.000239645,-0.00100012)(0.0011103,-0.00236904)(0.00293107,0)(0.000867281,0.000883504)(-5.41044e-005,0.000347884)(0.00111423,0.000828646)
(0.00161862,-0.00165224)(0.000136101,0.00215785)(0.000867281,-0.000883504)(-0.00132205,0)(-0.000118154,-0.000791775)(0.000436518,-0.000336674)
(0.000325307,0.00152304)(-0.000854972,0.00102546)(-5.41044e-005,-0.000347884)(-0.000118154,0.000791775)(-0.00171898,0)(-0.00100853,-0.00085054)
(0.000921928,0.00354199)(7.93806e-005,-0.000608806)(0.00111423,-0.000828646)(0.000436518,0.000336674)(-0.00100853,0.00085054)(0.00219167,0)

(0.000331531,0)(0.00292523,0.000193421)(-0.00156945,0.00244776)(0.000761472,0.000451826)(-0.000233459,-0.000160018)(0.00047408,0.00114587)
(0.00292523,-0.000193421)(0.000847021,0)(0.00132548,-0.00143717)(-0.0013224,0.000137439)(-0.00172145,0.00174694)(0.00106915,-0.00138504)
(-0.00156945,-0.00244776)(0.00132548,0.00143717)(-0.00256686,0)(0.000864177,0.00203445)(-0.000578336,-5.61179e-006)(0.000443674,-0.000208643)
(0.000761472,-0.000451826)(-0.0013224,-0.000137439)(0.000864177,-0.00203445)(0.000727729,0)(0.000404502,0.00067488)(0.000351401,-0.00104566)
(-0.000233459,0.000160018)(-0.00172145,-0.00174694)(-0.000578336,5.61179e-006)(0.000404502,-0.00067488)(0.000218962,0)(0.00129326,-0.00049658)
(0.00047408,-0.00114587)(0.00106915,0.00138504)(0.000443674,0.000208643)(0.000351401,0.00104566)(0.00129326,0.00049658)(0.000441622,0)

(0.00117599,0)(-0.00228933,-0.00186267)(-0.00179283,-0.000393706)(0.00255671,-0.000454387)(-4.25043e-005,-0.00121288)(0.00092375,-0.0009404)
(-0.00228933,0.00186267)(0.000243506,0)(-0.00073596,0.000609634)(0.00106841,-0.00111937)(-0.00172984,-0.000438706)(0.00159892,-0.000134755)
(-0.00179283,0.000393706)(-0.00073596,-0.000609634)(0.000379092,0)(0.000844095,-0.00117987)(0.00132467,-0.000430169)(-0.00046488,0.000267792)
(0.00255671,0.000454387)(0.00106841,0.00111937)(0.000844095,0.00117987)(0.00198092,0)(-0.00111005,0.00168139)(8.71957e-006,-0.000955539)
(-4.25043e-005,0.00121288)(-0.00172984,0.000438706)(0.00132467,0.000430169)(-0.00111005,-0.00168139)(-0.000449924,0)(0.00102709,-0.00100226)
(0.00092375,0.0009404)(0.00159892,0.000134755)(-0.00046488,-0.000267792)(8.71957e-006,0.000955539)(0.00102709,0.00100226)(-0.00332958,0)

(0.00207509,0)(0.000270724,0.000766794)(0.000937002,-0.00112625)(-0.000574003,-0.00184048)(-0.00139358,0.00160847)(0.00260216,-0.00157545)
(0.000270724,-0.000766794)(0.000490201,0)(0.00100262,-0.00069999)(-0.00283456,-0.000312401)(-2.38748e-005,0.000198023)(-0.000160154,-0.00090614)
(0.000937002,0.00112625)(0.00100262,0.00069999)(-0.000365578,0)(0.000468779,0.000844136)(-0.000883476,-0.000521194)(-5.0372e-005,0.00112757)
(-0.000574003,0.00184048)(-0.00283456,0.000312401)(0.000468779,-0.000844136)(-0.00200934,0)(-0.00108798,0.00035757)(0.000468604,-0.00129351)
(-0.00139358,-0.00160847)(-2.38748e-005,-0.000198023)(-0.000883476,0.000521194)(-0.00108798,-0.00035757)(-0.000295557,0)(-0.00119812,2.01328e-005)
(0.00260216,0.00157545)(-0.000160154,0.00090614)(-5.0372e-005,-0.00112757)(0.000468604,0.00129351)(-0.00119812,-2.01328e-005)(0.000105179,0)

(-0.00120291,0)(-0.00149164,0.00267222)(-0.000229083,-0.00151293)(-0.000727577,0.000948659)(0.000981243,0.000309676)(-0.000599993,3.82355e-005)
(-0.00149164,-0.00267222)(0.000815235,0)(0.000314256,-0.000940906)(-0.00058671,0.000961745)(0.000453171,-0.00297921)(0.000989427,0.000806061)
(-0.000229083,0.00151293)(0.000314256,0.000940906)(0.00189503,0)(-1.95165e-005,0.00023392)(-0.00201336,-0.000178633)(-0.000163157,-0.000959374)
(-0.000727577,-0.000948659)(-0.00058671,-0.000961745)(-1.95165e-005,-0.00023392)(-0.000158211,0)(0.000640786,0.000200456)(0.00169889,0.000534069)
(0.000981243,-0.000309676)(0.000453171,0.00297921)(-0.00201336,0.000178633)(0.000640786,-0.000200456)(-1.33746e-005,0)(-0.00105051,5.00578e-006)
(-0.000599993,-3.82355e-005)(0.000989427,-0.000806061)(-0.000163157,0.000959374)(0.00169889,-0.000534069)(-0.00105051,-5.00578e-006)(-0.00133577,0)

(0.00275224,0)(-0.000136779,0.0014943)(-0.00145254,-0.00238361)(-0.00218979,0.00255063)(0.00165715,0.000331264)(0.000417735,0.00138736)
(-0.000136779,-0.0014943)(-0.00106828,0)(-0.00171274,0.000206878)(0.000547898,0.00307634)(-0.00077136,-0.00108703)(-0.00141268,-0.00228334)
(-0.00145254,0.00238361)(-0.00171274,-0.000206878)(-0.00163777,0)(-0.000320433,-0.000354075)(-0.000129043,-0.000813067)(-0.000668877,0.00027607)
(-0.00218979,-0.00255063)(0.000547898,-0.00307634)(-0.000320433,0.000354075)(0.00149234,0)(0.000436874,-0.000672673)(-0.00133406,0.00163219)
(0.00165715,-0.000331264)(-0.00077136,0.00108703)(-0.000129043,0.000813067)(0.000436874,0.000672673)(-0.000393832,0)(0.00142113,-0.00103014)
(0.000417735,-0.00138736)(-0.00141268,0.00228334)(-0.000668877,-0.00027607)(-0.00133406,-0.00163219)(0.00142113,0.00103014)(-0.00114471,0)

(-0.00222959,0)(-0.000427152,0.00103502)(-0.00082839,0.000792692)(0.00111769,0.00127853)(-0.000217175,-0.000611889)(0.000523459,0.000342721)
(-0.000427152,-0.00103502)(0.0031907,0)(-0.000843378,0.00119723)(-0.000246894,0.00216438)(0.000927107,0.000317359)(-0.000935038,-9.16988e-005)
(-0.00082839,-0.000792692)(-0.000843378,-0.00119723)(0.000544352,0)(0.00157659,0.00118056)(0.000927469,-0.000630491)(0.000362568,-0.00104699)
(0.00111769,-0.00127853)(-0.000246894,-0.00216438)(0.00157659,-0.00118056)(-0.00101305,0)(0.000225883,0.000296023)(0.00142959,0.000260263)
(-0.000217175,0.000611889)(0.000927107,-0.000317359)(0.000927469,0.000630491)(0.000225883,-0.000296023)(-0.000852217,0)(0.000786888,-0.000132618)
(0.000523459,-0.000342721)(-0.000935038,9.16988e-005)(0.000362568,0.00104699)(0.00142959,-0.000260263)(0.000786888,0.000132618)(0.00035981,0)

(0.00319475,0)(0.00127606,-0.0007095)(0.00420241,-0.000204269)(0.00120522,5.92975e-005)(0.00107437,0.00144259)(0.00126345,-0.000587965)
(0.00127606,0.0007095)(-1.7185e-006,0)(0.0015467,-0.000357281)(-0.000592881,-0.000383661)(0.000656028,-0.000852223)(0.000275014,-0.000837358)
(0.00420241,0.000204269)(0.0015467,0.000357281)(-8.71533e-005,0)(-0.000898035,-5.78638e-005)(0.000590553,0.00135344)(-0.000688872,0.000675065)
(0.00120522,-5.92975e-005)(-0.000592881,0.000383661)(-0.000898035,5.78638e-005)(-0.00101814,0)(-0.00105362,0.000394792)(0.000912794,-0.000587391)
(0.00107437,-0.00144259)(0.000656028,0.000852223)(0.000590553,-0.00135344)(-0.00105362,-0.000394792)(0.00125287,0)(9.79663e-006,-0.000627085)
(0.00126345,0.000587965)(0.000275014,0.000837358)(-0.000688872,-0.000675065)(0.000912794,0.000587391)(9.79663e-006,0.000627085)(-0.00334061,0)

