0.408248
(0.202,0)(-0.161989,-0.0721814)(0.0534795,-0.333734)(0.0556709,0.0874902)(-0.00868922,-0.0638265)(-0.112897,-0.154338)
(-0.161989,0.0721814)(-0.0955193,0)(0.0943483,0.137669)(0.0954004,-0.0663685)(-0.451457,0.245978)(-0.0744546,0.0445301)
(0.0534795,0.333734)(0.0943483,-0.137669)(-0.349637,0)(-0.180773,-0.182671)(0.261514,0.090199)(0.216543,0.114825)
(0.0556709,-0.0874902)(0.0954004,0.0663685)(-0.180773,0.182671)(-0.0775794,0)(0.169936,0.211654)(0.00329264,-0.0365273)
(-0.00868922,0.0638265)(-0.451457,-0.245978)(0.261514,-0.090199)(0.169936,-0.211654)(0.178011,0)(-0.264972,-0.0966463)
(-0.112897,0.154338)(-0.0744546,-0.0445301)(0.216543,-0.114825)(0.00329264,0.0365273)(-0.264972,0.0966463)(0.142724,0)

(0.0741206,0)(0.195683,0.193215)(-0.00448946,0.0334221)(0.289384,0.459417)(-0.183954,-0.123564)(-0.104246,0.107096)
(0.195683,-0.193215)(-0.0470098,0)(0.0591624,-0.136038)(0.0835856,-0.225416)(0.29209,-0.160566)(-0.0722814,-0.219956)
(-0.00448946,-0.0334221)(0.0591624,0.136038)(-0.106906,0)(-0.107053,-0.44457)(-0.28991,0.126532)(-0.0165491,-0.00465157)
(0.289384,-0.459417)(0.0835856,0.225416)(-0.107053,0.44457)(-0.0378182,0)(-0.0219136,-0.216777)(-0.275486,0.23072)
(-0.183954,0.123564)(0.29209,0.160566)(-0.28991,-0.126532)(-0.0219136,0.216777)(0.0177387,0)(0.127918,-0.065043)
(-0.104246,-0.107096)(-0.0722814,0.219956)(-0.0165491,0.00465157)(-0.275486,-0.23072)(0.127918,0.065043)(0.0998749,0)

(-0.328126,0)(-0.158439,0.0226732)(0.053395,0.119576)(0.105255,-0.0891825)(-0.10254,-0.022795)(-0.188682,-0.169479)
(-0.158439,-0.0226732)(0.0956356,0)(-0.256929,-0.0203314)(-0.0852182,0.0489314)(-0.0162329,-0.0123059)(-0.216379,0.226887)
(0.053395,-0.119576)(-0.256929,0.0203314)(0.235336,0)(0.028647,0.0879188)(0.142407,-0.186856)(0.172218,0.171699)
(0.105255,0.0891825)(-0.0852182,-0.0489314)(0.028647,-0.0879188)(0.273095,0)(0.132543,-0.135765)(0.100407,-0.0232922)
(-0.10254,0.022795)(-0.0162329,0.0123059)(0.142407,0.186856)(0.132543,0.135765)(0.0184596,0)(0.0651671,0.0446067)
(-0.188682,0.169479)(-0.216379,-0.226887)(0.172218,-0.171699)(0.100407,0.0232922)(0.0651671,-0.0446067)(-0.294401,0)

(-0.0834303,0)(0.011868,-0.143201)(0.0336014,-0.22295)(-0.109007,-0.0317066)(-0.0519937,0.0649994)(0.119362,-0.169553)
(0.011868,0.143201)(0.0336544,0)(0.153317,-0.0521764)(-0.0988129,-0.0447764)(0.0288095,0.0423003)(-0.0454295,0.0140903)
(0.0336014,0.22295)(0.153317,0.0521764)(0.0609085,0)(-0.0366922,-0.208077)(-0.00491356,0.173143)(-0.197419,0.13874)
(-0.109007,0.0317066)(-0.0988129,0.0447764)(-0.0366922,0.208077)(-0.0587458,0)(0.0226468,-0.00707615)(0.0214188,-0.0219208)
(-0.0519937,-0.0649994)(0.0288095,-0.0423003)(-0.00491356,-0.173143)(0.0226468,0.00707615)(0.159122,0)(0.0754304,-0.142043)
(0.119362,0.169553)(-0.0454295,-0.0140903)(-0.197419,-0.13874)(0.0214188,0.0219208)(0.0754304,0.142043)(-0.111509,0)

(0.185872,0)(0.113114,0.244716)(0.0551909,0.253084)(-0.204726,0.036617)(0.0593303,-0.144399)(-0.0812643,0.0692023)
(0.113114,-0.244716)(0.016979,0)(0.208176,0.0259502)(-0.443345,0.185935)(-0.0112126,-0.0644485)(0.160946,0.242999)
(0.0551909,-0.253084)(0.208176,-0.0259502)(-0.289087,0)(-0.0555765,-0.0936611)(-0.0944226,-0.0388299)(0.0646295,-0.0374175)
(-0.204726,-0.036617)(-0.443345,-0.185935)(-0.0555765,0.0936611)(-0.0308507,0)(-0.0571116,0.0393602)(0.118354,0.141957)
(0.0593303,0.144399)(-0.0112126,0.0644485)(-0.0944226,0.0388299)(-0.0571116,-0.0393602)(0.204534,0)(-0.468397,-0.186078)
(-0.0812643,-0.0692023)(0.160946,-0.242999)(0.0646295,0.0374175)(0.118354,-0.141957)(-0.468397,0.186078)(-0.0874476,0)

(0.257331,0)(0.0369234,-0.177578)(-0.115147,0.167553)(-0.0402226,-0.0536934)(0.0527837,-0.0694538)(-0.230194,0.38682)
(0.0369234,0.177578)(-0.116543,0)(-0.120329,0.226945)(0.148583,0.0330792)(0.0166662,0.138201)(0.0017922,0.0757928)
(-0.115147,-0.167553)(-0.120329,-0.226945)(0.164533,0)(0.0680307,0.0609398)(-0.119539,-0.0416647)(-0.00139996,-0.278122)
(-0.0402226,0.0536934)(0.148583,-0.0330792)(0.0680307,-0.0609398)(-0.0898971,0)(-0.207951,-0.104131)(-0.161776,0.148471)
(0.0527837,0.0694538)(0.0166662,-0.138201)(-0.119539,0.0416647)(-0.207951,0.104131)(-0.283979,0)(0.225733,0.275341)
(-0.230194,-0.38682)(0.0017922,-0.0757928)(-0.00139996,0.278122)(-0.161776,-0.148471)(0.225733,-0.275341)(0.0685543,0)

(0.216719,0)(0.0469487,-0.00919329)(0.298185,-0.0156796)(-0.110103,0.202949)(-0.0568354,-0.0700486)(-0.0112437,0.242908)
(0.0469487,0.00919329)(0.10748,0)(-0.0118144,0.100527)(-0.0297465,-0.00318023)(0.0467491,0.0494441)(-0.0236568,-0.137806)
(0.298185,0.0156796)(-0.0118144,-0.100527)(-0.210299,0)(0.138153,-0.154307)(-0.142345,0.0632058)(-0.0570458,-0.281579)
(-0.110103,-0.202949)(-0.0297465,0.00318023)(0.138153,0.154307)(0.233037,0)(0.0104702,0.11724)(0.0641931,0.0028551)
(-0.0568354,0.0700486)(0.0467491,-0.0494441)(-0.142345,-0.0632058)(0.0104702,-0.11724)(0.0453097,0)(0.0590124,-0.0639136)
(-0.0112437,-0.242908)(-0.0236568,0.137806)(-0.0570458,0.281579)(0.0641931,-0.0028551)(0.0590124,0.0639136)(-0.392246,0)

(0.227646,0)(-0.0358062,-0.155017)(0.103431,0.0938871)(0.124699,-0.0344372)(-0.0545578,-0.0363191)(0.0742306,0.0679449)
(-0.0358062,0.155017)(-0.0832215,0)(0.151243,0.0763176)(-0.0381471,0.115834)(-0.20078,-0.0169268)(0.121846,0.110902)
(0.103431,-0.0938871)(0.151243,-0.0763176)(-0.0116623,0)(0.0410114,-0.0873821)(0.14911,0.0357804)(0.00149182,-0.0311915)
(0.124699,0.0344372)(-0.0381471,-0.115834)(0.0410114,0.0873821)(-0.246099,0)(0.0472297,0.00278164)(-0.109283,0.209612)
(-0.0545578,0.0363191)(-0.20078,0.0169268)(0.14911,-0.0357804)(0.0472297,-0.00278164)(0.113065,0)(-0.0386428,-0.0871979)
(0.0742306,-0.0679449)(0.121846,-0.110902)(0.00149182,0.0311915)(-0.109283,-0.209612)(-0.0386428,0.0871979)(0.000271483,0)

(0.0128103,0)(0.0661393,0.389495)(0.0401602,-0.0358317)(-0.029512,0.124028)(-0.0203661,-0.0170767)(0.0754998,-0.0492152)
(0.0661393,-0.389495)(-0.142579,0)(-0.126488,0.278681)(0.360826,0.232968)(-0.132976,0.0749711)(0.0706615,-0.0507562)
(0.0401602,0.0358317)(-0.126488,-0.278681)(-0.000621115,0)(-0.0842784,-0.147551)(0.243454,0.0141353)(0.110995,0.0240593)
(-0.029512,-0.124028)(0.360826,-0.232968)(-0.0842784,0.147551)(0.0131898,0)(0.0625966,0.10486)(-0.323059,0.211007)
(-0.0203661,0.0170767)(-0.132976,-0.0749711)(0.243454,-0.0141353)(0.0625966,-0.10486)(0.277356,0)(-0.0687587,-0.138286)
(0.0754998,0.0492152)(0.0706615,0.0507562)(0.110995,-0.0240593)(-0.323059,-0.211007)(-0.0687587,0.138286)(-0.160156,0)

(-0.055903,0)(0.421014,0.534967)(0.316656,0.528618)(0.462125,0.0511288)(0.0653253,0.306613)(0.27418,-0.0657586)
(0.421014,-0.534967)(0.326752,0)(0.0391939,-0.290841)(-0.190017,0.167493)(-0.128615,-0.315511)(0.202475,-0.297528)
(0.316656,-0.528618)(0.0391939,0.290841)(0.356218,0)(0.321798,0.0575259)(0.00349035,-0.175408)(0.312863,-0.387212)
(0.462125,-0.0511288)(-0.190017,-0.167493)(0.321798,-0.0575259)(0.241559,0)(0.215131,0.0037843)(0.0810542,-0.191265)
(0.0653253,-0.306613)(-0.128615,0.315511)(0.00349035,0.175408)(0.215131,-0.0037843)(-0.441964,0)(0.296306,0.00240906)
(0.27418,0.0657586)(0.202475,0.297528)(0.312863,0.387212)(0.0810542,0.191265)(0.296306,-0.00240906)(-0.426662,0)

(-0.222364,0)(-0.147423,-0.45326)(0.0124463,0.0379964)(0.0687184,0.0356244)(-0.119203,0.29822)(0.783654,-0.532958)
(-0.147423,0.45326)(-0.192483,0)(-0.290895,0.224927)(-0.278886,0.302899)(-0.250356,0.115248)(0.809145,-0.134608)
(0.0124463,-0.0379964)(-0.290895,-0.224927)(0.153151,0)(-0.0421082,-0.148414)(0.299487,-0.282821)(-0.121137,0.0567801)
(0.0687184,-0.0356244)(-0.278886,-0.302899)(-0.0421082,0.148414)(0.173442,0)(0.0867298,0.153611)(-0.238931,0.032156)
(-0.119203,-0.29822)(-0.250356,-0.115248)(0.299487,0.282821)(0.0867298,-0.153611)(0.161639,0)(-0.032703,-0.0308357)
(0.783654,0.532958)(0.809145,0.134608)(-0.121137,-0.0567801)(-0.238931,-0.032156)(-0.032703,0.0308357)(-0.0733845,0)

(-0.399917,0)(-0.262906,0.458565)(-0.104724,-0.0887485)(-0.210292,0.0595199)(-0.149518,-0.0373267)(0.10266,0.215827)
(-0.262906,-0.458565)(0.213533,0)(0.378361,-0.0130394)(-0.199198,-0.123728)(-0.575021,-0.0384245)(0.196644,-0.125316)
(-0.104724,0.0887485)(0.378361,0.0130394)(0.153755,0)(-0.1839,-0.169174)(-0.0681607,0.203868)(0.00408125,-0.191572)
(-0.210292,-0.0595199)(-0.199198,0.123728)(-0.1839,0.169174)(-0.3856,0)(-0.0316323,-0.052026)(0.11736,-0.491293)
(-0.149518,0.0373267)(-0.575021,0.0384245)(-0.0681607,-0.203868)(-0.0316323,0.052026)(-0.0538663,0)(0.301908,-0.13307)
(0.10266,-0.215827)(0.196644,0.125316)(0.00408125,0.191572)(0.11736,0.491293)(0.301908,0.13307)(0.472095,0)

(0.0579375,0)(0.296351,-0.0768262)(0.0603554,0.669017)(0.182769,-0.55923)(0.0269503,-0.260922)(-0.119145,-0.183831)
(0.296351,0.0768262)(-0.508575,0)(-0.0535839,0.12661)(0.066975,-0.0328796)(0.151121,-0.239663)(0.0249139,-0.312122)
(0.0603554,-0.669017)(-0.0535839,-0.12661)(-0.290058,0)(0.229929,0.109369)(-0.0737365,0.0452607)(0.0142151,0.0496667)
(0.182769,0.55923)(0.066975,0.0328796)(0.229929,-0.109369)(0.39277,0)(0.442368,-0.267923)(-0.521037,0.000778937)
(0.0269503,0.260922)(0.151121,0.239663)(-0.0737365,-0.0452607)(0.442368,0.267923)(0.307496,0)(-0.000359915,-0.157496)
(-0.119145,0.183831)(0.0249139,0.312122)(0.0142151,-0.0496667)(-0.521037,-0.000778937)(-0.000359915,0.157496)(0.0404298,0)

(0.191527,0)(-0.559881,-0.15565)(0.113328,-0.0778513)(0.468035,-0.255552)(0.156303,0.0409263)(-0.0180672,0.0028685)
(-0.559881,0.15565)(0.239889,0)(-0.0138414,0.0344437)(0.382682,0.202971)(0.30213,0.196672)(0.133779,0.229774)
(0.113328,0.0778513)(-0.0138414,-0.0344437)(0.0441282,0)(-0.180439,-0.0750041)(-0.00897479,-0.0427854)(-0.190364,-0.198384)
(0.468035,0.255552)(0.382682,-0.202971)(-0.180439,0.0750041)(-0.326174,0)(-0.00244279,0.102111)(0.0738503,0.138241)
(0.156303,-0.0409263)(0.30213,-0.196672)(-0.00897479,0.0427854)(-0.00244279,-0.102111)(0.101234,0)(0.212092,-0.190645)
(-0.0180672,-0.0028685)(0.133779,-0.229774)(-0.190364,0.198384)(0.0738503,-0.138241)(0.212092,0.190645)(-0.250603,0)

(-0.239728,0)(0.179659,0.390113)(-0.171165,-0.165278)(-0.468938,-0.0804558)(-0.00327648,-0.341294)(0.443791,0.263905)
(0.179659,-0.390113)(0.183159,0)(0.384526,-0.256857)(0.19826,0.101124)(-0.349639,-0.0572016)(0.3311,-0.00402337)
(-0.171165,0.165278)(0.384526,0.256857)(-0.227145,0)(0.449567,0.249203)(0.212744,0.0594987)(-0.130646,0.0854934)
(-0.468938,0.0804558)(0.19826,-0.101124)(0.449567,-0.249203)(0.07278,0)(-0.0353087,-0.259857)(0.28971,-0.0947934)
(-0.00327648,0.341294)(-0.349639,0.0572016)(0.212744,-0.0594987)(-0.0353087,0.259857)(0.542596,0)(0.136154,0.267995)
(0.443791,-0.263905)(0.3311,0.00402337)(-0.130646,-0.0854934)(0.28971,0.0947934)(0.136154,-0.267995)(-0.331663,0)

(0.0308447,0)(-0.321215,-0.328382)(-0.0768008,0.163423)(-0.213651,-0.413214)(-0.0642396,-0.0218482)(-0.131426,0.0539225)
(-0.321215,0.328382)(-0.173328,0)(0.156259,-0.253314)(0.278424,-0.150971)(-0.159522,-0.0272375)(0.439707,-0.0840793)
(-0.0768008,-0.163423)(0.156259,0.253314)(-0.554891,0)(0.240137,-0.157071)(0.117036,0.00380476)(0.251223,0.0544185)
(-0.213651,0.413214)(0.278424,0.150971)(0.240137,0.157071)(0.387934,0)(0.119075,-0.118924)(-0.0739616,0.188216)
(-0.0642396,0.0218482)(-0.159522,0.0272375)(0.117036,-0.00380476)(0.119075,0.118924)(0.151572,0)(-0.113986,0.144478)
(-0.131426,-0.0539225)(0.439707,0.0840793)(0.251223,-0.0544185)(-0.0739616,-0.188216)(-0.113986,-0.144478)(0.157869,0)

(0.119044,0)(-0.0330794,0.143547)(-0.0402824,0.273546)(-0.39936,0.347424)(-0.00886151,-0.160934)(-0.234222,-0.42251)
(-0.0330794,-0.143547)(-0.115384,0)(0.273782,0.0181575)(-0.0170386,-0.126858)(0.476093,0.323181)(-0.238906,-0.0504812)
(-0.0402824,-0.273546)(0.273782,-0.0181575)(0.162515,0)(0.255546,-0.242838)(-0.050423,0.231683)(-0.121526,-0.0353863)
(-0.39936,-0.347424)(-0.0170386,0.126858)(0.255546,0.242838)(-0.0526199,0)(0.296113,0.137732)(0.00681723,0.186558)
(-0.00886151,0.160934)(0.476093,-0.323181)(-0.050423,-0.231683)(0.296113,-0.137732)(0.0304493,0)(-0.154327,0.385323)
(-0.234222,0.42251)(-0.238906,0.0504812)(-0.121526,0.0353863)(0.00681723,-0.186558)(-0.154327,-0.385323)(-0.144004,0)

(0.185152,0)(0.178055,0.126803)(-0.0403573,0.0319697)(-0.0759729,-0.0910287)(-0.205139,0.25163)(-0.503898,-0.105477)
(0.178055,-0.126803)(0.0341262,0)(0.281264,0.4511)(0.0349819,-0.188204)(0.0909567,-0.0133022)(-0.161152,-0.045621)
(-0.0403573,-0.0319697)(0.281264,-0.4511)(0.251827,0)(0.0239686,-0.197019)(-0.226019,-0.174808)(-0.224333,0.288233)
(-0.0759729,0.0910287)(0.0349819,0.188204)(0.0239686,0.197019)(-0.51946,0)(-0.0949999,-0.00756003)(-0.288648,-0.0594903)
(-0.205139,-0.25163)(0.0909567,0.0133022)(-0.226019,0.174808)(-0.0949999,0.00756003)(0.124698,0)(-0.00667347,-0.222375)
(-0.503898,0.105477)(-0.161152,0.045621)(-0.224333,-0.288233)(-0.288648,0.0594903)(-0.00667347,0.222375)(-0.0763434,0)

