0.408248
(-0.264973,0)(-0.0427083,0.00566392)(0.123696,0.104941)(0.193528,0.00862539)(0.0881383,0.00702465)(-0.255344,-0.120496)
(-0.0427083,-0.00566392)(-0.178094,0)(-0.0481748,0.0767801)(0.0744067,-0.0928919)(-0.138482,-0.0672498)(-0.0196353,-0.0718749)
(0.123696,-0.104941)(-0.0481748,-0.0767801)(0.0886256,0)(0.0228817,0.0203551)(-0.114193,-0.0334746)(0.0173391,0.0470204)
(0.193528,-0.00862539)(0.0744067,0.0928919)(0.0228817,-0.0203551)(0.0285587,0)(-0.0200677,0.199588)(-0.0370603,0.115591)
(0.0881383,-0.00702465)(-0.138482,0.0672498)(-0.114193,0.0334746)(-0.0200677,-0.199588)(0.243161,0)(0.144902,-0.123309)
(-0.255344,0.120496)(-0.0196353,0.0718749)(0.0173391,-0.0470204)(-0.0370603,-0.115591)(0.144902,0.123309)(0.0827214,0)

(-0.120881,0)(-0.0517365,0.253849)(-0.0525277,-0.0381524)(-0.104629,0.165851)(-0.138957,-0.112515)(0.0961269,-0.0388617)
(-0.0517365,-0.253849)(-0.117721,0)(0.191924,0.154224)(-0.0438854,0.00250984)(0.0875601,-0.0365181)(0.11796,0.0754098)
(-0.0525277,0.0381524)(0.191924,-0.154224)(0.253053,0)(-0.00276197,0.0353045)(-0.294528,-0.0147453)(-0.0271653,-0.0596585)
(-0.104629,-0.165851)(-0.0438854,-0.00250984)(-0.00276197,-0.0353045)(-0.180152,0)(-0.187623,-0.125055)(0.14667,0.112805)
(-0.138957,0.112515)(0.0875601,0.0365181)(-0.294528,0.0147453)(-0.187623,0.125055)(0.00300487,0)(-0.0960279,-0.1278)
(0.0961269,0.0388617)(0.11796,-0.0754098)(-0.0271653,0.0596585)(0.14667,-0.112805)(-0.0960279,0.1278)(0.162696,0)

(-0.0973137,0)(0.0317171,-0.054545)(0.0566284,-0.158765)(0.121678,-0.0841801)(0.0969359,0.315139)(-0.162601,-0.182001)
(0.0317171,0.054545)(0.128826,0)(-0.108512,0.145347)(0.039235,-0.0585751)(0.0352459,-0.0378766)(0.105671,0.0188639)
(0.0566284,0.158765)(-0.108512,-0.145347)(0.0582507,0)(-0.00918842,0.0402003)(0.0461828,0.183285)(-0.131349,0.02264)
(0.121678,0.0841801)(0.039235,0.0585751)(-0.00918842,-0.0402003)(-0.174038,0)(-0.0647335,0.143481)(0.108853,0.0541938)
(0.0969359,-0.315139)(0.0352459,0.0378766)(0.0461828,-0.183285)(-0.0647335,-0.143481)(-0.135324,0)(-0.376963,0.0441455)
(-0.162601,0.182001)(0.105671,-0.0188639)(-0.131349,-0.02264)(0.108853,-0.0541938)(-0.376963,-0.0441455)(0.2196,0)

(-0.119838,0)(0.374881,-0.132853)(-0.101074,-0.210689)(-0.258174,-0.0756327)(-0.192493,0.0953722)(0.158707,0.0609579)
(0.374881,0.132853)(-0.184859,0)(0.0836918,-0.0672486)(-0.196816,-0.163848)(0.367792,0.0431514)(0.0330753,0.131706)
(-0.101074,0.210689)(0.0836918,0.0672486)(0.359348,0)(0.115798,0.0438714)(0.218738,0.0614335)(0.174453,-0.206647)
(-0.258174,0.0756327)(-0.196816,0.163848)(0.115798,-0.0438714)(-0.0440585,0)(-0.163227,-0.0682179)(0.208828,0.081785)
(-0.192493,-0.0953722)(0.367792,-0.0431514)(0.218738,-0.0614335)(-0.163227,0.0682179)(-0.0279452,0)(-0.0947486,0.14235)
(0.158707,-0.0609579)(0.0330753,-0.131706)(0.174453,0.206647)(0.208828,-0.081785)(-0.0947486,-0.14235)(0.0173533,0)

(0.316122,0)(0.0842923,0.0421206)(-0.0182807,-0.17069)(0.111056,0.0628349)(-0.0195608,-0.253145)(0.0778047,0.0222634)
(0.0842923,-0.0421206)(-0.28352,0)(0.0777768,-0.313958)(0.10955,0.200766)(-0.016076,-0.108058)(0.0582183,-0.00739183)
(-0.0182807,0.17069)(0.0777768,0.313958)(0.135161,0)(0.115814,0.0539999)(-0.173031,0.153174)(0.0387397,-0.057847)
(0.111056,-0.0628349)(0.10955,-0.200766)(0.115814,-0.0539999)(-0.273372,0)(-0.113033,-0.147834)(0.032969,-0.0495714)
(-0.0195608,0.253145)(-0.016076,0.108058)(-0.173031,-0.153174)(-0.113033,0.147834)(-0.000182361,0)(0.0601778,-0.297621)
(0.0778047,-0.0222634)(0.0582183,0.00739183)(0.0387397,0.057847)(0.032969,0.0495714)(0.0601778,0.297621)(0.105791,0)

(0.202979,0)(-0.107987,0.12598)(-0.0741423,0.13381)(0.112699,0.125161)(0.106145,-0.156938)(0.0636775,0.0644873)
(-0.107987,-0.12598)(-0.0691845,0)(0.0124871,0.00851911)(0.0285368,0.00574566)(-0.100089,0.15898)(0.0850339,-0.115068)
(-0.0741423,-0.13381)(0.0124871,-0.00851911)(0.104608,0)(-0.286429,-0.220892)(0.12038,-0.0932341)(-0.0399617,0.105347)
(0.112699,-0.125161)(0.0285368,-0.00574566)(-0.286429,0.220892)(0.0130207,0)(-0.0446448,0.0515044)(-0.0294232,-0.022301)
(0.106145,0.156938)(-0.100089,-0.15898)(0.12038,0.0932341)(-0.0446448,-0.0515044)(-0.246252,0)(-0.162019,0.0960505)
(0.0636775,-0.0644873)(0.0850339,0.115068)(-0.0399617,-0.105347)(-0.0294232,0.022301)(-0.162019,-0.0960505)(-0.00517157,0)

(-0.153782,0)(-0.0296779,-0.138373)(-0.173529,0.114035)(0.0129249,0.200451)(-0.0318677,0.0693392)(-0.176144,0.0371931)
(-0.0296779,0.138373)(-0.172148,0)(-0.0681287,0.232704)(0.0195349,0.0674069)(0.0102313,0.133862)(-0.0398715,-0.0821195)
(-0.173529,-0.114035)(-0.0681287,-0.232704)(0.319676,0)(-0.230172,0.193874)(0.00306348,-0.157568)(-0.342275,0.0680511)
(0.0129249,-0.200451)(0.0195349,-0.0674069)(-0.230172,-0.193874)(0.0622994,0)(0.0361679,0.146545)(-0.0215524,-0.0239498)
(-0.0318677,-0.0693392)(0.0102313,-0.133862)(0.00306348,0.157568)(0.0361679,-0.146545)(0.172014,0)(0.127641,0.118858)
(-0.176144,-0.0371931)(-0.0398715,0.0821195)(-0.342275,-0.0680511)(-0.0215524,0.0239498)(0.127641,-0.118858)(-0.22806,0)

(0.00989298,0)(-0.183133,0.222075)(-0.206709,-0.0472365)(0.0403369,-0.187239)(0.0702524,-0.0248605)(0.29039,-0.118824)
(-0.183133,-0.222075)(0.178646,0)(-0.184563,0.11321)(0.0883036,-0.200374)(0.302246,-0.0324391)(0.130331,-0.210849)
(-0.206709,0.0472365)(-0.184563,-0.11321)(-0.221308,0)(0.0311576,-0.0661959)(-0.210118,0.0636108)(0.0804342,0.176848)
(0.0403369,0.187239)(0.0883036,0.200374)(0.0311576,0.0661959)(-0.0124621,0)(0.244766,-0.104742)(-0.142031,-0.0465864)
(0.0702524,0.0248605)(0.302246,0.0324391)(-0.210118,-0.0636108)(0.244766,0.104742)(-0.0154997,0)(-0.12272,0.0772236)
(0.29039,0.118824)(0.130331,0.210849)(0.0804342,-0.176848)(-0.142031,0.0465864)(-0.12272,-0.0772236)(0.0607301,0)

(0.00191849,0)(0.293446,0.0138323)(-0.0513472,-0.140558)(0.158476,0.234418)(0.276715,-0.0542617)(0.0143573,-0.243462)
(0.293446,-0.0138323)(-0.210615,0)(0.00455443,0.142007)(-0.26587,0.0398651)(-0.157053,-0.0612385)(-0.0149104,-0.182356)
(-0.0513472,0.140558)(0.00455443,-0.142007)(-0.0954704,0)(-0.163526,-0.0863259)(0.142761,-0.00196415)(0.124617,0.0815539)
(0.158476,-0.234418)(-0.26587,-0.0398651)(-0.163526,0.0863259)(0.0160913,0)(0.0213915,-0.0278558)(0.128586,-0.122306)
(0.276715,0.0542617)(-0.157053,0.0612385)(0.142761,0.00196415)(0.0213915,0.0278558)(0.0642225,0)(0.0576654,-0.22603)
(0.0143573,0.243462)(-0.0149104,0.182356)(0.124617,-0.0815539)(0.128586,0.122306)(0.0576654,0.22603)(0.223853,0)

(-0.258572,0)(0.135338,0.0586058)(0.448537,-0.0534122)(0.38027,-0.0472088)(-0.04643,-0.404271)(-0.250248,-0.117627)
(0.135338,-0.0586058)(-0.0702029,0)(-0.513035,-0.0818943)(0.0412046,0.478633)(0.0611863,0.357553)(0.0221413,0.35102)
(0.448537,0.0534122)(-0.513035,0.0818943)(-0.00126531,0)(-0.753179,-0.130523)(-0.118348,0.183738)(0.307282,0.116315)
(0.38027,0.0472088)(0.0412046,-0.478633)(-0.753179,0.130523)(0.154092,0)(0.417234,0.00751958)(-0.113309,-0.201634)
(-0.04643,0.404271)(0.0611863,-0.357553)(-0.118348,-0.183738)(0.417234,-0.00751958)(0.197108,0)(-0.115529,-0.0540684)
(-0.250248,0.117627)(0.0221413,-0.35102)(0.307282,-0.116315)(-0.113309,0.201634)(-0.115529,0.0540684)(-0.0211603,0)

(0.842491,0)(-0.0536619,-0.112303)(-0.16142,-0.314519)(0.115475,-0.37654)(0.142048,-0.241921)(0.268816,-0.188949)
(-0.0536619,0.112303)(-0.491521,0)(-0.194601,0.140946)(0.452897,0.102477)(0.451164,-0.215027)(0.0772033,-0.0696578)
(-0.16142,0.314519)(-0.194601,-0.140946)(0.493644,0)(-0.458062,0.551973)(0.468361,-0.391293)(-0.0475761,0.11773)
(0.115475,0.37654)(0.452897,-0.102477)(-0.458062,-0.551973)(-0.389376,0)(-0.254916,-0.116239)(-0.13845,-0.249959)
(0.142048,0.241921)(0.451164,0.215027)(0.468361,0.391293)(-0.254916,0.116239)(0.0458381,0)(0.0954329,0.0327455)
(0.268816,0.188949)(0.0772033,0.0696578)(-0.0475761,-0.11773)(-0.13845,0.249959)(0.0954329,-0.0327455)(-0.501076,0)

(0.43865,0)(-0.230775,-0.0129527)(-0.116134,-0.220727)(-0.296614,0.154654)(0.198461,-0.222326)(0.00639109,-0.0366814)
(-0.230775,0.0129527)(0.130646,0)(-0.362247,0.188393)(0.12568,-0.559535)(-0.425243,-0.0714061)(-0.373146,0.154668)
(-0.116134,0.220727)(-0.362247,-0.188393)(0.0706179,0)(-0.437897,-0.0919562)(-0.0476452,-0.00734923)(-0.0884903,-0.43102)
(-0.296614,-0.154654)(0.12568,0.559535)(-0.437897,0.0919562)(0.245314,0)(-0.483855,0.0121248)(-0.0922568,-0.0605062)
(0.198461,0.222326)(-0.425243,0.0714061)(-0.0476452,0.00734923)(-0.483855,-0.0121248)(-0.19599,0)(0.281426,0.00406749)
(0.00639109,0.0366814)(-0.373146,-0.154668)(-0.0884903,0.43102)(-0.0922568,0.0605062)(0.281426,-0.00406749)(-0.689237,0)

(0.125378,0)(0.128422,-0.324857)(-0.375427,0.0740282)(0.0536318,-0.121135)(-0.156871,-0.457231)(0.336884,0.529954)
(0.128422,0.324857)(0.33549,0)(-0.0240507,0.276355)(-0.152311,0.342973)(-0.117144,0.191361)(-0.0156561,-0.296599)
(-0.375427,-0.0740282)(-0.0240507,-0.276355)(-0.0246508,0)(0.0459514,0.192993)(-0.400287,0.076163)(-0.196474,0.174907)
(0.0536318,0.121135)(-0.152311,-0.342973)(0.0459514,-0.192993)(-0.202145,0)(-0.32238,-0.374763)(-0.105874,-0.087224)
(-0.156871,0.457231)(-0.117144,-0.191361)(-0.400287,-0.076163)(-0.32238,0.374763)(-0.0515309,0)(-0.397807,0.215017)
(0.336884,-0.529954)(-0.0156561,0.296599)(-0.196474,-0.174907)(-0.105874,0.087224)(-0.397807,-0.215017)(-0.182542,0)

(-0.398238,0)(0.44078,-0.141297)(0.204103,-0.124855)(-0.256302,0.602802)(-0.201928,-0.363406)(0.186464,-0.286252)
(0.44078,0.141297)(0.102444,0)(0.344108,0.224524)(0.202101,-0.0836212)(-0.260688,0.122297)(-0.206926,-0.11037)
(0.204103,0.124855)(0.344108,-0.224524)(0.513467,0)(0.211479,-0.0472304)(-0.335736,0.0931292)(0.193141,0.101921)
(-0.256302,-0.602802)(0.202101,0.0836212)(0.211479,0.0472304)(0.144787,0)(-0.131082,0.0891928)(-0.424501,0.141949)
(-0.201928,0.363406)(-0.260688,-0.122297)(-0.335736,-0.0931292)(-0.131082,-0.0891928)(-0.402412,0)(-0.0584319,0.294926)
(0.186464,0.286252)(-0.206926,0.11037)(0.193141,-0.101921)(-0.424501,-0.141949)(-0.0584319,-0.294926)(0.0399509,0)

(-0.225646,0)(-0.238963,-0.168234)(-0.235673,-0.201133)(-0.0402057,-0.356299)(-0.0740913,-0.0756003)(-0.552361,-0.152949)
(-0.238963,0.168234)(-0.539342,0)(0.305564,-0.299234)(-0.00261222,-0.164113)(0.113859,0.0300778)(-0.254676,-0.125278)
(-0.235673,0.201133)(0.305564,0.299234)(1.23986,0)(-0.445047,-0.396599)(-0.510281,0.210044)(0.054212,0.333589)
(-0.0402057,0.356299)(-0.00261222,0.164113)(-0.445047,0.396599)(0.407902,0)(-0.06145,0.227924)(0.0781442,0.27449)
(-0.0740913,0.0756003)(0.113859,-0.0300778)(-0.510281,-0.210044)(-0.06145,-0.227924)(-0.75973,0)(-0.12988,0.155453)
(-0.552361,0.152949)(-0.254676,0.125278)(0.054212,-0.333589)(0.0781442,-0.27449)(-0.12988,-0.155453)(-0.123049,0)

(0.214723,0)(0.0298666,0.0909907)(-0.356021,0.121362)(0.236496,0.0815178)(-0.172113,0.210188)(-0.226733,0.132294)
(0.0298666,-0.0909907)(0.113956,0)(0.0428196,0.156017)(-0.386559,0.00202879)(-0.0853631,-0.0747508)(0.645083,-0.193356)
(-0.356021,-0.121362)(0.0428196,-0.156017)(0.0633272,0)(0.0631576,-0.332057)(0.153299,-0.293878)(0.0335206,-0.00450729)
(0.236496,-0.0815178)(-0.386559,-0.00202879)(0.0631576,0.332057)(-0.102507,0)(-0.661394,0.00163994)(0.167804,0.4123)
(-0.172113,-0.210188)(-0.0853631,0.0747508)(0.153299,0.293878)(-0.661394,-0.00163994)(-0.121359,0)(-0.18267,-0.448054)
(-0.226733,-0.132294)(0.645083,0.193356)(0.0335206,0.00450729)(0.167804,-0.4123)(-0.18267,0.448054)(-0.16814,0)

(-0.558841,0)(0.00448779,-0.232482)(-0.0498238,0.143428)(-0.114012,0.0103573)(-0.0547809,-0.217787)(-0.0957765,0.106629)
(0.00448779,0.232482)(-0.229026,0)(-0.374385,0.461523)(-0.0136948,-0.0250544)(0.304662,0.0370377)(0.0304263,0.378313)
(-0.0498238,-0.143428)(-0.374385,-0.461523)(0.0407002,0)(-0.0424315,-0.930106)(-0.432694,0.312263)(0.349765,-0.331425)
(-0.114012,-0.0103573)(-0.0136948,0.0250544)(-0.0424315,0.930106)(0.417106,0)(0.25663,-0.681016)(-0.210072,0.210869)
(-0.0547809,0.217787)(0.304662,-0.0370377)(-0.432694,-0.312263)(0.25663,0.681016)(0.198432,0)(-0.00380045,0.0995156)
(-0.0957765,-0.106629)(0.0304263,-0.378313)(0.349765,0.331425)(-0.210072,-0.210869)(-0.00380045,-0.0995156)(0.13163,0)

(-0.269299,0)(0.127514,0.133993)(0.144184,-0.161801)(-0.0177996,-0.23254)(0.346706,0.0310162)(0.105299,0.0847987)
(0.127514,-0.133993)(-0.0315476,0)(-0.182331,0.241846)(0.371001,0.286356)(-0.144408,0.274217)(-0.24073,0.078956)
(0.144184,0.161801)(-0.182331,-0.241846)(0.192982,0)(0.124707,0.177826)(-0.244101,0.0336493)(-0.158622,-0.0137897)
(-0.0177996,0.23254)(0.371001,-0.286356)(0.124707,-0.177826)(-0.0733339,0)(-0.100162,0.0994626)(0.0378518,0.0445063)
(0.346706,-0.0310162)(-0.144408,-0.274217)(-0.244101,-0.0336493)(-0.100162,-0.0994626)(0.411853,0)(0.27963,-0.101749)
(0.105299,-0.0847987)(-0.24073,-0.078956)(-0.158622,0.0137897)(0.0378518,-0.0445063)(0.27963,0.101749)(-0.230654,0)

