0.408248
(0.0203979,0)(-0.0562337,0.0476708)(-0.0911873,-0.04027)(0.0448298,0.0240124)(0.21125,0.0902425)(-0.0738247,-0.040895)
(-0.0562337,-0.0476708)(0.0430565,0)(0.193094,0.156637)(0.0162931,0.212718)(0.00135511,-0.0193755)(0.0269647,0.0246781)
(-0.0911873,0.04027)(0.193094,-0.156637)(-0.272524,0)(-0.136607,0.00088567)(-0.205538,0.00249236)(0.0461561,-0.129574)
(0.0448298,-0.0240124)(0.0162931,-0.212718)(-0.136607,-0.00088567)(0.0178438,0)(-0.290569,-0.0895897)(-0.0333659,-0.103602)
(0.21125,-0.0902425)(0.00135511,0.0193755)(-0.205538,-0.00249236)(-0.290569,0.0895897)(0.258654,0)(-0.247693,-0.0435987)
(-0.0738247,0.040895)(0.0269647,-0.0246781)(0.0461561,0.129574)(-0.0333659,0.103602)(-0.247693,0.0435987)(-0.067429,0)

(0.133847,0)(-0.0900252,0.0554567)(0.0846191,-0.0202743)(0.244705,-0.108273)(0.0710112,-0.0797602)(0.125705,0.124306)
(-0.0900252,-0.0554567)(-0.164074,0)(0.118235,-0.161291)(0.0848894,-0.0964668)(0.0299197,-0.0798739)(0.168455,0.13065)
(0.0846191,0.0202743)(0.118235,0.161291)(-0.0659367,0)(0.0325533,0.0470569)(-0.0092316,-0.057278)(-0.0670239,-0.00430281)
(0.244705,0.108273)(0.0848894,0.0964668)(0.0325533,-0.0470569)(-0.150058,0)(0.250583,-0.0484227)(0.103701,0.184703)
(0.0710112,0.0797602)(0.0299197,0.0798739)(-0.0092316,0.057278)(0.250583,0.0484227)(0.178051,0)(0.039942,0.180894)
(0.125705,-0.124306)(0.168455,-0.13065)(-0.0670239,0.00430281)(0.103701,-0.184703)(0.039942,-0.180894)(0.0681702,0)

(-0.0303606,0)(-0.135749,0.019008)(-0.143813,-0.0612297)(0.0307598,0.150984)(0.0272966,0.12586)(0.0516503,-0.0888885)
(-0.135749,-0.019008)(-0.00262861,0)(0.0168398,0.198548)(-0.149878,0.253247)(-0.0719552,-0.047391)(0.103034,0.145711)
(-0.143813,0.0612297)(0.0168398,-0.198548)(0.0731834,0)(0.0671538,0.119876)(-0.0963133,0.0830704)(0.195549,-0.223326)
(0.0307598,-0.150984)(-0.149878,-0.253247)(0.0671538,-0.119876)(-0.115677,0)(0.219218,-0.0505511)(0.0585897,0.00823531)
(0.0272966,-0.12586)(-0.0719552,0.047391)(-0.0963133,-0.0830704)(0.219218,0.0505511)(-0.0658202,0)(0.110555,0.156196)
(0.0516503,0.0888885)(0.103034,-0.145711)(0.195549,0.223326)(0.0585897,-0.00823531)(0.110555,-0.156196)(0.141303,0)

(0.209749,0)(0.0574945,-0.234364)(-0.251085,0.250811)(-0.0504362,0.0695086)(0.241631,0.15942)(0.286523,0.0299876)
(0.0574945,0.234364)(0.0167745,0)(0.0759202,-0.0374892)(0.0882504,0.0681369)(-0.106974,0.228072)(-0.186959,0.0497182)
(-0.251085,-0.250811)(0.0759202,0.0374892)(0.240676,0)(-0.0604586,-0.103855)(-0.223889,0.0995152)(-0.0212477,0.0970926)
(-0.0504362,-0.0695086)(0.0882504,-0.0681369)(-0.0604586,0.103855)(0.0714908,0)(0.143428,0.105457)(-0.165436,0.0872722)
(0.241631,-0.15942)(-0.106974,-0.228072)(-0.223889,-0.0995152)(0.143428,-0.105457)(-0.304913,0)(-0.301516,-0.0219317)
(0.286523,-0.0299876)(-0.186959,-0.0497182)(-0.0212477,-0.0970926)(-0.165436,-0.0872722)(-0.301516,0.0219317)(-0.233778,0)

(0.129598,0)(-0.0681876,0.0570649)(0.0149507,-0.080281)(-0.070574,0.00933567)(-0.0623233,0.0450906)(-0.00887344,0.0596823)
(-0.0681876,-0.0570649)(0.0954258,0)(0.0100408,-0.276539)(0.00481091,0.0451424)(-0.0365227,-0.232652)(-0.35317,0.175856)
(0.0149507,0.080281)(0.0100408,0.276539)(-0.0714194,0)(0.316523,0.26834)(0.0360359,0.102501)(0.1312,-0.155893)
(-0.070574,-0.00933567)(0.00481091,-0.0451424)(0.316523,-0.26834)(-0.00974303,0)(0.138379,0.174654)(0.178616,0.138484)
(-0.0623233,-0.0450906)(-0.0365227,0.232652)(0.0360359,-0.102501)(0.138379,-0.174654)(0.0769397,0)(-0.231349,-0.250835)
(-0.00887344,-0.0596823)(-0.35317,-0.175856)(0.1312,0.155893)(0.178616,-0.138484)(-0.231349,0.250835)(-0.220801,0)

(0.128277,0)(-0.00227272,-0.336874)(-0.00999132,-0.250688)(-0.00415342,0.353261)(0.0700479,0.0378961)(0.16194,0.281764)
(-0.00227272,0.336874)(-0.246986,0)(-0.139788,0.0696206)(0.132275,0.0310553)(0.371431,0.148985)(0.27547,0.202198)
(-0.00999132,0.250688)(-0.139788,-0.0696206)(-0.291198,0)(0.143508,-0.0798185)(-0.237661,-0.266359)(0.214575,0.178036)
(-0.00415342,-0.353261)(0.132275,-0.0310553)(0.143508,0.0798185)(0.336206,0)(0.0682762,0.141932)(0.162404,0.186001)
(0.0700479,-0.0378961)(0.371431,-0.148985)(-0.237661,0.266359)(0.0682762,-0.141932)(-0.0173344,0)(0.0853457,0.0500706)
(0.16194,-0.281764)(0.27547,-0.202198)(0.214575,-0.178036)(0.162404,-0.186001)(0.0853457,-0.0500706)(0.0910355,0)

(-0.0838996,0)(0.0525288,-0.266997)(0.107972,-0.365562)(-0.153026,0.20948)(0.242588,0.0173599)(-0.00280068,-0.0379172)
(0.0525288,0.266997)(0.338146,0)(0.222951,-0.0457406)(0.223366,-0.303667)(-0.154115,-0.152797)(-0.200284,-0.0270457)
(0.107972,0.365562)(0.222951,0.0457406)(0.0269605,0)(0.249935,0.0368519)(-0.0869035,0.00852541)(-0.28224,-0.19048)
(-0.153026,-0.20948)(0.223366,0.303667)(0.249935,-0.0368519)(0.0725441,0)(0.213188,0.188218)(0.220292,0.0689037)
(0.242588,-0.0173599)(-0.154115,0.152797)(-0.0869035,-0.00852541)(0.213188,-0.188218)(-0.172948,0)(-0.0557792,-0.0659059)
(-0.00280068,0.0379172)(-0.200284,0.0270457)(-0.28224,0.19048)(0.220292,-0.0689037)(-0.0557792,0.0659059)(-0.180803,0)

(-0.0640078,0)(-0.10196,0.0913795)(-0.139213,-0.00410827)(-0.105295,0.0743376)(0.00307394,-0.191454)(0.156475,-0.168366)
(-0.10196,-0.0913795)(-0.0540706,0)(-0.0649876,-0.0209821)(-0.00746989,0.176072)(0.117503,0.00111697)(-0.151115,-0.0339195)
(-0.139213,0.00410827)(-0.0649876,0.0209821)(-0.177233,0)(-0.0717059,-0.0661332)(-0.155271,0.150475)(0.125771,0.026528)
(-0.105295,-0.0743376)(-0.00746989,-0.176072)(-0.0717059,0.0661332)(0.17395,0)(0.147947,-0.160789)(0.217471,-0.0999176)
(0.00307394,0.191454)(0.117503,-0.00111697)(-0.155271,-0.150475)(0.147947,0.160789)(0.0656439,0)(0.00216924,-0.255217)
(0.156475,0.168366)(-0.151115,0.0339195)(0.125771,-0.026528)(0.217471,0.0999176)(0.00216924,0.255217)(0.0557171,0)

(-0.00738979,0)(0.0325276,-0.104876)(0.226148,-0.0657191)(0.157917,-0.253456)(-0.0593568,0.0159152)(-0.0208298,-0.104612)
(0.0325276,0.104876)(-0.0742965,0)(0.10496,0.0783633)(-0.0675394,0.29421)(0.136035,-0.125338)(0.082788,0.0178477)
(0.226148,0.0657191)(0.10496,-0.0783633)(-0.0431893,0)(0.134706,-0.146508)(-0.0540256,0.167107)(-0.0490855,0.0754031)
(0.157917,0.253456)(-0.0675394,-0.29421)(0.134706,0.146508)(0.171616,0)(-0.214352,-0.0321295)(0.00449538,0.146919)
(-0.0593568,-0.0159152)(0.136035,0.125338)(-0.0540256,-0.167107)(-0.214352,0.0321295)(-0.095353,0)(0.155473,-0.0810282)
(-0.0208298,0.104612)(0.082788,-0.0178477)(-0.0490855,-0.0754031)(0.00449538,-0.146919)(0.155473,0.0810282)(0.0486125,0)

(0.304842,0)(-0.698322,-0.0490712)(0.0364216,-0.0277324)(-0.00582637,0.447877)(-0.292959,-0.21129)(-0.084704,-0.249045)
(-0.698322,0.0490712)(0.191478,0)(-0.365717,0.14068)(-0.0970976,-0.375485)(-0.201514,0.443953)(-0.0187927,-0.234013)
(0.0364216,0.0277324)(-0.365717,-0.14068)(0.170081,0)(0.0563221,0.05489)(-0.108996,0.356778)(-0.295588,0.215098)
(-0.00582637,-0.447877)(-0.0970976,0.375485)(0.0563221,-0.05489)(0.136799,0)(-0.146583,-0.324732)(-0.0616319,0.0271712)
(-0.292959,0.21129)(-0.201514,-0.443953)(-0.108996,-0.356778)(-0.146583,0.324732)(-0.142657,0)(-0.013176,0.118816)
(-0.084704,0.249045)(-0.0187927,0.234013)(-0.295588,-0.215098)(-0.0616319,-0.0271712)(-0.013176,-0.118816)(-0.660543,0)

(0.469806,0)(0.551851,0.251981)(0.227922,0.172339)(0.198934,-0.0461306)(-0.0144939,-0.126556)(0.12099,0.0986757)
(0.551851,-0.251981)(-0.272108,0)(-0.044815,-0.107516)(-0.551685,0.139067)(-0.317655,-0.0250064)(0.0852513,-0.600689)
(0.227922,-0.172339)(-0.044815,0.107516)(0.130615,0)(0.0826882,0.050319)(-0.0293217,-0.182469)(-0.354061,-0.175914)
(0.198934,0.0461306)(-0.551685,-0.139067)(0.0826882,-0.050319)(0.336805,0)(-0.158474,0.363197)(0.0580401,0.283163)
(-0.0144939,0.126556)(-0.317655,0.0250064)(-0.0293217,0.182469)(-0.158474,-0.363197)(-0.619229,0)(-0.0356002,0.0567425)
(0.12099,-0.0986757)(0.0852513,0.600689)(-0.354061,0.175914)(0.0580401,-0.283163)(-0.0356002,-0.0567425)(-0.0458888,0)

(-0.68945,0)(0.165998,-0.0459729)(-0.171772,0.0248172)(0.326668,0.0548825)(-0.0310152,0.17486)(-0.383164,0.318111)
(0.165998,0.0459729)(-0.103129,0)(0.0884973,-0.174448)(-0.124001,-0.200644)(0.460796,0.277629)(-0.569622,-0.283641)
(-0.171772,-0.0248172)(0.0884973,0.174448)(0.1892,0)(-0.0750236,-0.0120923)(0.112697,0.526546)(0.228348,-0.0472255)
(0.326668,-0.0548825)(-0.124001,0.200644)(-0.0750236,0.0120923)(0.134254,0)(0.0728702,0.204848)(-0.170798,0.0527208)
(-0.0310152,-0.17486)(0.460796,-0.277629)(0.112697,-0.526546)(0.0728702,-0.204848)(0.43386,0)(0.0911636,-0.181177)
(-0.383164,-0.318111)(-0.569622,0.283641)(0.228348,0.0472255)(-0.170798,-0.0527208)(0.0911636,0.181177)(0.0352646,0)

(-0.0168172,0)(-0.0326102,0.0389954)(0.111057,-0.304783)(-0.0157253,-0.0449488)(0.443448,-0.237426)(0.198467,-0.245741)
(-0.0326102,-0.0389954)(-0.707317,0)(0.116767,-0.144108)(0.131723,0.160674)(-0.1344,-0.588017)(-0.308175,-0.660662)
(0.111057,0.304783)(0.116767,0.144108)(-0.149823,0)(-0.0411212,-0.0528712)(-0.121599,-0.289244)(0.318823,-0.136654)
(-0.0157253,0.0449488)(0.131723,-0.160674)(-0.0411212,0.0528712)(0.118832,0)(-0.0830307,0.0914002)(0.283292,0.0566408)
(0.443448,0.237426)(-0.1344,0.588017)(-0.121599,0.289244)(-0.0830307,-0.0914002)(0.179223,0)(0.328111,-0.147569)
(0.198467,0.245741)(-0.308175,0.660662)(0.318823,0.136654)(0.283292,-0.0566408)(0.328111,0.147569)(0.575902,0)

(0.0410914,0)(0.273071,-0.251121)(0.177486,0.0647638)(0.217681,0.373477)(0.00358776,0.307559)(0.0415625,-0.0502895)
(0.273071,0.251121)(-0.0351922,0)(-0.124715,-0.315749)(-0.260589,0.329996)(0.0775425,-0.197528)(-0.263359,0.229552)
(0.177486,-0.0647638)(-0.124715,0.315749)(0.124867,0)(-0.309812,0.27744)(0.0804969,-0.130445)(0.185733,0.0788785)
(0.217681,-0.373477)(-0.260589,-0.329996)(-0.309812,-0.27744)(0.437636,0)(0.0363818,-0.0996055)(-0.111775,0.174304)
(0.00358776,-0.307559)(0.0775425,0.197528)(0.0804969,0.130445)(0.0363818,0.0996055)(-0.397746,0)(0.450066,0.106458)
(0.0415625,0.0502895)(-0.263359,-0.229552)(0.185733,-0.0788785)(-0.111775,-0.174304)(0.450066,-0.106458)(-0.170656,0)

(-0.605682,0)(0.282753,0.092786)(0.0627534,0.00563224)(-0.0874213,0.175935)(-0.313528,0.101487)(0.310109,-0.0730886)
(0.282753,-0.092786)(0.129913,0)(0.20416,0.0893483)(0.0318697,0.169781)(-0.380884,-0.438568)(-0.373822,-0.359188)
(0.0627534,-0.00563224)(0.20416,-0.0893483)(0.572897,0)(0.02888,0.0541113)(0.282491,0.192272)(0.0076631,0.460389)
(-0.0874213,-0.175935)(0.0318697,-0.169781)(0.02888,-0.0541113)(0.0264502,0)(-0.339457,0.06852)(0.282975,0.439681)
(-0.313528,-0.101487)(-0.380884,0.438568)(0.282491,-0.192272)(-0.339457,-0.06852)(-0.0122374,0)(-0.154752,-0.0748426)
(0.310109,0.0730886)(-0.373822,0.359188)(0.0076631,-0.460389)(0.282975,-0.439681)(-0.154752,0.0748426)(-0.11134,0)

(0.167982,0)(-0.00387059,-0.234475)(0.18836,0.411919)(0.150556,0.0375657)(-0.031206,0.420672)(0.0903356,-0.549917)
(-0.00387059,0.234475)(0.292032,0)(-0.188153,0.108012)(0.255321,-0.0842205)(0.435959,0.0442208)(0.171506,0.0598861)
(0.18836,-0.411919)(-0.188153,-0.108012)(-0.116106,0)(-0.0651503,-0.568756)(-0.0373831,-0.281086)(-0.115147,-0.280167)
(0.150556,-0.0375657)(0.255321,0.0842205)(-0.0651503,0.568756)(-0.307247,0)(0.0760362,0.0775972)(0.20994,0.184455)
(-0.031206,-0.420672)(0.435959,-0.0442208)(-0.0373831,0.281086)(0.0760362,-0.0775972)(-0.145213,0)(-0.291015,-0.272881)
(0.0903356,0.549917)(0.171506,-0.0598861)(-0.115147,0.280167)(0.20994,-0.184455)(-0.291015,0.272881)(0.108553,0)

(0.728171,0)(0.278755,-0.32688)(-0.248026,0.113518)(-0.0601855,0.168185)(0.123027,-0.314484)(0.376581,-0.150373)
(0.278755,0.32688)(0.298296,0)(-0.20245,0.11942)(0.000162183,-0.135766)(0.122876,0.379923)(-0.191298,0.222136)
(-0.248026,-0.113518)(-0.20245,-0.11942)(0.172912,0)(0.19581,0.179962)(-0.0802419,-0.0370679)(0.102515,-0.398489)
(-0.0601855,-0.168185)(0.000162183,0.135766)(0.19581,-0.179962)(-0.573258,0)(-0.452659,-0.243217)(-0.078453,-0.442006)
(0.123027,0.314484)(0.122876,-0.379923)(-0.0802419,0.0370679)(-0.452659,0.243217)(-0.365754,0)(0.0983125,-0.0711611)
(0.376581,0.150373)(-0.191298,-0.222136)(0.102515,0.398489)(-0.078453,0.442006)(0.0983125,0.0711611)(-0.260368,0)

(-0.0430426,0)(-0.17486,-0.402289)(-0.0709523,0.458474)(0.0588951,-0.510068)(0.0127999,0.145275)(-0.286661,-0.176881)
(-0.17486,0.402289)(-0.087545,0)(0.296872,-0.0336149)(0.361014,-0.0982323)(-0.136357,0.0771189)(0.115193,0.0719583)
(-0.0709523,-0.458474)(0.296872,0.0336149)(-0.24919,0)(0.211203,0.372926)(0.0152931,-0.0562382)(0.187214,0.239278)
(0.0588951,0.510068)(0.361014,0.0982323)(0.211203,-0.372926)(0.44261,0)(0.14897,0.412768)(0.151339,0.386964)
(0.0127999,-0.145275)(-0.136357,-0.0771189)(0.0152931,0.0562382)(0.14897,-0.412768)(-0.311457,0)(0.149779,0.084384)
(-0.286661,0.176881)(0.115193,-0.0719583)(0.187214,-0.239278)(0.151339,-0.386964)(0.149779,-0.084384)(0.248625,0)

