0.408248
(0.000707679,0)(0.119294,-0.13472)(-0.00660617,-0.230355)(0.062346,0.0680971)(-0.0904595,0.203805)(-0.131627,-0.0987875)
(0.119294,0.13472)(-0.0792064,0)(0.154878,-0.143983)(-0.103686,-0.181186)(-0.0153428,0.00570777)(0.0838499,-0.219903)
(-0.00660617,0.230355)(0.154878,0.143983)(-0.0203895,0)(0.046837,0.0102333)(-0.0124608,-0.24891)(-0.202716,0.0136145)
(0.062346,-0.0680971)(-0.103686,0.181186)(0.046837,-0.0102333)(-0.0499669,0)(-0.211815,-0.261048)(0.347829,0.246731)
(-0.0904595,-0.203805)(-0.0153428,-0.00570777)(-0.0124608,0.24891)(-0.211815,0.261048)(0.0779369,0)(-0.110705,0.0640362)
(-0.131627,0.0987875)(0.0838499,0.219903)(-0.202716,-0.0136145)(0.347829,-0.246731)(-0.110705,-0.0640362)(0.0709183,0)

(-0.447452,0)(0.267462,-0.0942874)(-0.0146397,-0.207557)(0.124143,0.206388)(0.00166668,-0.00855297)(0.133252,-0.134357)
(0.267462,0.0942874)(-0.151647,0)(-0.111499,-0.0997677)(0.243341,-0.145284)(0.0919664,-0.0266101)(-0.0904159,-0.0751593)
(-0.0146397,0.207557)(-0.111499,0.0997677)(-0.126235,0)(-0.131525,-0.111262)(0.00373329,0.14242)(0.0111958,0.0224276)
(0.124143,-0.206388)(0.243341,0.145284)(-0.131525,0.111262)(0.370361,0)(0.0716993,-0.0891308)(0.0465899,-0.0878929)
(0.00166668,0.00855297)(0.0919664,0.0266101)(0.00373329,-0.14242)(0.0716993,0.0891308)(0.276382,0)(0.215796,0.0369875)
(0.133252,0.134357)(-0.0904159,0.0751593)(0.0111958,-0.0224276)(0.0465899,0.0878929)(0.215796,-0.0369875)(0.0785893,0)

(0.340904,0)(-0.11334,0.319827)(-0.0558843,0.0178504)(0.344561,-0.0108131)(-0.0126299,0.0268757)(-0.113733,0.102666)
(-0.11334,-0.319827)(0.018399,0)(-0.0539402,0.147296)(-0.000978064,0.0468051)(0.162774,0.135954)(-0.0160785,0.000373797)
(-0.0558843,-0.0178504)(-0.0539402,-0.147296)(-0.279136,0)(0.0760525,0.016627)(0.0952321,-0.0802741)(0.00364553,0.173548)
(0.344561,0.0108131)(-0.000978064,-0.0468051)(0.0760525,-0.016627)(-0.140194,0)(-0.128029,-0.0887008)(-0.00103092,-0.0606534)
(-0.0126299,-0.0268757)(0.162774,-0.135954)(0.0952321,0.0802741)(-0.128029,0.0887008)(-0.148328,0)(-0.313292,-0.273683)
(-0.113733,-0.102666)(-0.0160785,-0.000373797)(0.00364553,-0.173548)(-0.00103092,0.0606534)(-0.313292,0.273683)(0.208354,0)

(-0.243108,0)(0.0965222,-0.144141)(0.114777,0.0652334)(-0.0834338,0.0976752)(0.133214,0.105869)(-0.103615,-0.134883)
(0.0965222,0.144141)(0.0743087,0)(0.0952249,-0.127374)(0.225101,-0.0719677)(-0.13262,-0.0317686)(-0.0291519,0.258834)
(0.114777,-0.0652334)(0.0952249,0.127374)(0.0461465,0)(-0.0724494,-0.276474)(0.0609163,0.0745482)(0.0563916,0.165846)
(-0.0834338,-0.0976752)(0.225101,0.0719677)(-0.0724494,0.276474)(0.279489,0)(-0.201255,0.108495)(0.0937603,0.0210409)
(0.133214,-0.105869)(-0.13262,0.0317686)(0.0609163,-0.0745482)(-0.201255,-0.108495)(-0.0888974,0)(-0.220761,-0.161787)
(-0.103615,0.134883)(-0.0291519,-0.258834)(0.0563916,-0.165846)(0.0937603,-0.0210409)(-0.220761,0.161787)(-0.0679383,0)

(0.0748883,0)(-0.0535555,0.03681)(-0.0916091,0.0761657)(0.0320459,0.0427742)(0.0558171,0.028753)(-0.0123219,-0.0741977)
(-0.0535555,-0.03681)(-0.225545,0)(0.0269124,0.042996)(0.175946,-0.124769)(0.0358446,0.0499143)(-0.151705,0.056798)
(-0.0916091,-0.0761657)(0.0269124,-0.042996)(-0.17214,0)(-0.0599873,-0.0588858)(0.0484834,0.0765219)(-0.183638,-0.0777936)
(0.0320459,-0.0427742)(0.175946,0.124769)(-0.0599873,0.0588858)(0.16364,0)(-0.206173,0.103247)(0.247751,0.314467)
(0.0558171,-0.028753)(0.0358446,-0.0499143)(0.0484834,-0.0765219)(-0.206173,-0.103247)(0.101214,0)(-0.182402,0.00129284)
(-0.0123219,0.0741977)(-0.151705,-0.056798)(-0.183638,0.0777936)(0.247751,-0.314467)(-0.182402,-0.00129284)(0.0579426,0)

(0.0738094,0)(-0.0310842,0.23836)(-0.229487,-0.142005)(-0.0731815,0.0993018)(0.0737851,0.22362)(-0.102039,0.155606)
(-0.0310842,-0.23836)(0.0775885,0)(0.178995,0.0450955)(0.212716,-0.205725)(-0.234854,0.0758595)(-0.0859705,0.0983802)
(-0.229487,0.142005)(0.178995,-0.0450955)(-0.0222609,0)(0.012166,-0.109352)(-0.262507,-0.225093)(0.0409489,-0.08883)
(-0.0731815,-0.0993018)(0.212716,0.205725)(0.012166,0.109352)(0.0152432,0)(-0.162294,0.0797802)(-0.00351642,-0.0314543)
(0.0737851,-0.22362)(-0.234854,-0.0758595)(-0.262507,0.225093)(-0.162294,-0.0797802)(-0.127508,0)(-0.0373591,0.098512)
(-0.102039,-0.155606)(-0.0859705,-0.0983802)(0.0409489,0.08883)(-0.00351642,0.0314543)(-0.0373591,-0.098512)(-0.0168724,0)

(0.122675,0)(0.0824908,-0.138608)(0.10108,-0.0172778)(-0.11696,0.0491937)(-0.00197986,0.0126962)(-0.00469032,-0.049187)
(0.0824908,0.138608)(-0.013347,0)(0.0684724,-0.192001)(0.202114,0.0466564)(-0.0911984,-0.0707965)(-0.0300519,-0.11601)
(0.10108,0.0172778)(0.0684724,0.192001)(-0.000328094,0)(-0.205869,-0.142348)(0.12244,0.148897)(-0.0946303,0.144943)
(-0.11696,-0.0491937)(0.202114,-0.0466564)(-0.205869,0.142348)(-0.0461396,0)(-0.0203728,-0.178507)(0.116628,0.242547)
(-0.00197986,-0.0126962)(-0.0911984,0.0707965)(0.12244,-0.148897)(-0.0203728,0.178507)(0.142237,0)(0.0194312,-0.103548)
(-0.00469032,0.049187)(-0.0300519,0.11601)(-0.0946303,-0.144943)(0.116628,-0.242547)(0.0194312,0.103548)(-0.205098,0)

(0.0520508,0)(0.148325,-0.230531)(-0.0639124,0.139012)(0.199871,0.0446189)(-0.20952,0.0824967)(-0.386285,-0.186606)
(0.148325,0.230531)(0.187154,0)(-0.162737,-0.22873)(-0.0319954,-0.19869)(-0.142808,-0.0760863)(0.102308,-0.234091)
(-0.0639124,-0.139012)(-0.162737,0.22873)(0.0225094,0)(0.165041,-0.00690307)(-0.0138007,-0.118919)(-0.0406163,-0.0321563)
(0.199871,-0.0446189)(-0.0319954,0.19869)(0.165041,0.00690307)(-0.102313,0)(-0.0829424,0.124435)(0.00630796,0.110925)
(-0.20952,-0.0824967)(-0.142808,0.0760863)(-0.0138007,0.118919)(-0.0829424,-0.124435)(-0.263285,0)(0.0426715,-0.0737194)
(-0.386285,0.186606)(0.102308,0.234091)(-0.0406163,0.0321563)(0.00630796,-0.110925)(0.0426715,0.0737194)(0.103883,0)

(0.0616635,0)(-0.0658404,0.03608)(0.287919,-0.0945213)(-0.12454,0.11462)(-0.237831,-0.0359121)(0.0632936,-0.0269212)
(-0.0658404,-0.03608)(0.00528463,0)(0.0604127,-0.158625)(-0.0118296,0.0302085)(-0.0390666,0.0106338)(-0.0469868,0.0554663)
(0.287919,0.0945213)(0.0604127,0.158625)(-0.127924,0)(0.121828,0.0512092)(0.28453,0.214715)(-0.0025272,0.0181904)
(-0.12454,-0.11462)(-0.0118296,-0.0302085)(0.121828,-0.0512092)(-0.246234,0)(0.374162,0.0832159)(-0.0489423,-0.199952)
(-0.237831,0.0359121)(-0.0390666,-0.0106338)(0.28453,-0.214715)(0.374162,-0.0832159)(0.0941258,0)(-0.19437,-0.0556104)
(0.0632936,0.0269212)(-0.0469868,-0.0554663)(-0.0025272,-0.0181904)(-0.0489423,0.199952)(-0.19437,0.0556104)(0.213084,0)

(-0.398983,0)(0.00229516,-0.207983)(-0.0428832,-0.0468983)(-0.11411,-0.132876)(0.013206,0.0932921)(0.374173,0.204632)
(0.00229516,0.207983)(0.765695,0)(-0.0154283,-0.158069)(0.168484,-0.0277489)(-0.0325416,-0.336749)(-0.238545,-0.251171)
(-0.0428832,0.0468983)(-0.0154283,0.158069)(0.00578424,0)(0.22167,0.232501)(-0.0152161,-0.113878)(-0.183441,-0.14568)
(-0.11411,0.132876)(0.168484,0.0277489)(0.22167,-0.232501)(0.246792,0)(-0.0182346,0.185899)(-0.0179189,0.153154)
(0.013206,-0.0932921)(-0.0325416,0.336749)(-0.0152161,0.113878)(-0.0182346,-0.185899)(-0.316794,0)(-0.601665,0.0135576)
(0.374173,-0.204632)(-0.238545,0.251171)(-0.183441,0.14568)(-0.0179189,-0.153154)(-0.601665,-0.0135576)(-0.302494,0)

(-0.0926994,0)(-0.0690148,0.0640137)(0.0929824,0.307074)(0.0791265,-0.604244)(0.145538,-0.454297)(0.108897,-0.423211)
(-0.0690148,-0.0640137)(-0.270189,0)(-0.0883383,0.0193016)(0.0367063,-0.557543)(-0.059774,0.236301)(0.146683,-0.436122)
(0.0929824,-0.307074)(-0.0883383,-0.0193016)(-0.0541155,0)(0.300961,-0.213187)(0.142124,-0.150657)(0.161934,0.0637547)
(0.0791265,0.604244)(0.0367063,0.557543)(0.300961,0.213187)(0.333587,0)(-0.0905672,-0.076352)(-0.216805,-0.138987)
(0.145538,0.454297)(-0.059774,-0.236301)(0.142124,0.150657)(-0.0905672,0.076352)(0.0039599,0)(0.387831,0.0894636)
(0.108897,0.423211)(0.146683,0.436122)(0.161934,-0.0637547)(-0.216805,0.138987)(0.387831,-0.0894636)(0.0794576,0)

(-0.0401061,0)(-0.105733,0.232407)(-0.156185,0.074435)(0.424081,-0.110971)(-0.135285,-0.252094)(0.0803038,-0.00845941)
(-0.105733,-0.232407)(0.0641399,0)(0.0128703,-0.0876099)(-0.0672874,-0.400292)(-0.338079,0.0596618)(-0.462741,0.016103)
(-0.156185,-0.074435)(0.0128703,0.0876099)(0.428939,0)(-0.536034,-0.173528)(0.220541,-0.276586)(0.032569,0.0844371)
(0.424081,0.110971)(-0.0672874,0.400292)(-0.536034,0.173528)(0.167376,0)(-0.202037,0.228914)(-0.0872587,-0.24971)
(-0.135285,0.252094)(-0.338079,-0.0596618)(0.220541,0.276586)(-0.202037,-0.228914)(-0.541109,0)(-0.405789,-0.294272)
(0.0803038,0.00845941)(-0.462741,-0.016103)(0.032569,-0.0844371)(-0.0872587,0.24971)(-0.405789,0.294272)(-0.0792404,0)

(0.610969,0)(0.136378,0.554065)(-0.212646,0.10243)(0.222553,0.314815)(-0.0387591,-0.228707)(-0.0729805,-0.245572)
(0.136378,-0.554065)(0.4996,0)(0.130126,0.0555649)(-0.158529,0.15852)(0.173704,-0.180842)(0.287062,-0.365434)
(-0.212646,-0.10243)(0.130126,-0.0555649)(-0.52341,0)(0.190137,0.24744)(0.207673,-0.334379)(0.00715331,0.383136)
(0.222553,-0.314815)(-0.158529,-0.15852)(0.190137,-0.24744)(-0.132607,0)(0.486851,-0.384571)(0.0902767,0.0942368)
(-0.0387591,0.228707)(0.173704,0.180842)(0.207673,0.334379)(0.486851,0.384571)(-0.77036,0)(0.50999,0.617893)
(-0.0729805,0.245572)(0.287062,0.365434)(0.00715331,-0.383136)(0.0902767,-0.0942368)(0.50999,-0.617893)(0.315808,0)

(-0.14788,0)(0.520499,0.43769)(0.331271,0.0828592)(0.402212,0.293469)(0.233651,0.147144)(-0.0797076,0.0561026)
(0.520499,-0.43769)(0.335929,0)(0.0394412,0.029425)(-0.184275,-0.139757)(0.152118,-0.374184)(0.208359,0.0103371)
(0.331271,-0.0828592)(0.0394412,-0.029425)(0.291313,0)(0.057401,0.574738)(-0.287366,-0.0927593)(-0.00513572,-0.332512)
(0.402212,-0.293469)(-0.184275,0.139757)(0.057401,-0.574738)(-0.910794,0)(0.0677487,-0.0316668)(-0.186423,-0.0292014)
(0.233651,-0.147144)(0.152118,0.374184)(-0.287366,0.0927593)(0.0677487,0.0316668)(0.563405,0)(-0.0796715,-0.133619)
(-0.0797076,-0.0561026)(0.208359,-0.0103371)(-0.00513572,0.332512)(-0.186423,0.0292014)(-0.0796715,0.133619)(-0.131974,0)

(-0.0923456,0)(-0.0692182,0.375421)(0.328157,0.128832)(0.167446,0.139456)(-0.126272,0.198289)(-0.287355,0.0521623)
(-0.0692182,-0.375421)(0.0154316,0)(0.0481769,-0.382627)(-0.124673,0.510159)(0.154044,-0.116601)(0.047056,-0.126573)
(0.328157,-0.128832)(0.0481769,0.382627)(-0.297518,0)(-0.00295503,0.198474)(-0.264704,-0.164672)(-0.112154,0.090358)
(0.167446,-0.139456)(-0.124673,-0.510159)(-0.00295503,-0.198474)(-0.21138,0)(-0.167291,0.337492)(-0.0378111,0.0689965)
(-0.126272,-0.198289)(0.154044,0.116601)(-0.264704,0.164672)(-0.167291,-0.337492)(0.436026,0)(-0.0477467,-0.0996812)
(-0.287355,-0.0521623)(0.047056,0.126573)(-0.112154,-0.090358)(-0.0378111,-0.0689965)(-0.0477467,0.0996812)(0.149786,0)

(0.7413,0)(0.173937,-0.230299)(0.471691,-0.218116)(-0.185775,-0.547799)(-0.270356,-0.25718)(-0.216844,-0.00930194)
(0.173937,0.230299)(0.0179158,0)(-0.260855,0.116971)(-0.0865323,-0.01405)(0.210542,-0.308633)(-0.188237,0.36335)
(0.471691,0.218116)(-0.260855,-0.116971)(-0.151643,0)(-0.302709,0.204843)(-0.47522,-0.361394)(-0.321188,-0.117049)
(-0.185775,0.547799)(-0.0865323,0.01405)(-0.302709,-0.204843)(0.0458055,0)(-0.547349,-0.11702)(0.13498,-0.570231)
(-0.270356,0.25718)(0.210542,0.308633)(-0.47522,0.361394)(-0.547349,0.11702)(-0.151493,0)(0.539153,-0.216648)
(-0.216844,0.00930194)(-0.188237,-0.36335)(-0.321188,0.117049)(0.13498,0.570231)(0.539153,0.216648)(-0.501885,0)

(-0.575115,0)(0.138653,-0.143022)(-0.675839,0.229183)(-0.231286,-0.158961)(-0.0369571,0.0864129)(-0.117124,-0.106683)
(0.138653,0.143022)(0.705805,0)(0.0407188,0.068399)(0.143622,-0.539483)(0.0823032,0.0236779)(0.199259,0.0192231)
(-0.675839,-0.229183)(0.0407188,-0.068399)(-1.029,0)(-0.0767049,-0.0937897)(0.447028,-0.378355)(0.276249,0.272598)
(-0.231286,0.158961)(0.143622,0.539483)(-0.0767049,0.0937897)(0.0669883,0)(-0.0898506,0.0210209)(-0.308747,0.358379)
(-0.0369571,-0.0864129)(0.0823032,-0.0236779)(0.447028,0.378355)(-0.0898506,-0.0210209)(0.307965,0)(0.190405,-0.38185)
(-0.117124,0.106683)(0.199259,-0.0192231)(0.276249,-0.272598)(-0.308747,-0.358379)(0.190405,0.38185)(0.523356,0)

(-0.475632,0)(-0.0360528,0.124508)(0.0161657,0.0567807)(-0.389934,0.0533881)(0.172242,0.16459)(0.225024,-0.171014)
(-0.0360528,-0.124508)(-0.485806,0)(0.359547,0.284969)(-0.205338,-0.0303087)(0.00531698,-0.00630249)(0.0521009,-0.0397869)
(0.0161657,-0.0567807)(0.359547,-0.284969)(0.236948,0)(0.327967,0.300873)(0.188309,-0.266864)(0.157705,0.176861)
(-0.389934,-0.0533881)(-0.205338,0.0303087)(0.327967,-0.300873)(0.00293545,0)(-0.236241,0.358367)(-0.345422,0.130382)
(0.172242,-0.16459)(0.00531698,0.00630249)(0.188309,0.266864)(-0.236241,-0.358367)(0.136559,0)(-0.327791,0.329447)
(0.225024,0.171014)(0.0521009,0.0397869)(0.157705,-0.176861)(-0.345422,-0.130382)(-0.327791,-0.329447)(0.584996,0)

