0.408248
(0.273441,0)(-0.219208,0.0404817)(0.0871793,0.303123)(0.24637,-0.391276)(0.218858,0.281545)(0.0941881,0.0791152)
(-0.219208,-0.0404817)(-0.176673,0)(-0.079655,0.0957113)(0.270424,0.168707)(-0.0752265,0.0466991)(-0.214737,0.0360434)
(0.0871793,-0.303123)(-0.079655,-0.0957113)(-0.0916548,0)(0.140739,-0.109704)(-0.0104703,0.106341)(-0.15189,0.062381)
(0.24637,0.391276)(0.270424,-0.168707)(0.140739,0.109704)(0.0703421,0)(-0.0610243,-0.101822)(-0.0368728,0.109648)
(0.218858,-0.281545)(-0.0752265,-0.0466991)(-0.0104703,-0.106341)(-0.0610243,0.101822)(0.16668,0)(-0.137081,0.100986)
(0.0941881,-0.0791152)(-0.214737,-0.0360434)(-0.15189,-0.062381)(-0.0368728,-0.109648)(-0.137081,-0.100986)(-0.242136,0)

(-0.0630331,0)(-0.151516,-0.0532353)(-0.157484,0.0467318)(0.108126,0.0458316)(-0.270919,-0.156973)(-0.0949477,-0.0438628)
(-0.151516,0.0532353)(-0.0947887,0)(-0.0352417,0.0934872)(-0.0140827,-0.0397079)(0.152677,0.034841)(0.0615775,-0.0463449)
(-0.157484,-0.0467318)(-0.0352417,-0.0934872)(-0.02393,0)(-0.0191954,-0.0818025)(-0.212379,0.150842)(-0.199781,-0.118269)
(0.108126,-0.0458316)(-0.0140827,0.0397079)(-0.0191954,0.0818025)(0.149043,0)(-0.208427,0.127592)(0.000136372,-0.0157242)
(-0.270919,0.156973)(0.152677,-0.034841)(-0.212379,-0.150842)(-0.208427,-0.127592)(-0.156747,0)(-0.000825694,-0.233088)
(-0.0949477,0.0438628)(0.0615775,0.0463449)(-0.199781,0.118269)(0.000136372,0.0157242)(-0.000825694,0.233088)(0.189455,0)

(-0.17737,0)(0.0222084,0.0366548)(0.132064,0.1457)(0.00667115,-0.0901286)(-0.108233,0.00447574)(-0.223726,-0.163286)
(0.0222084,-0.0366548)(-0.240008,0)(0.101901,-0.0180504)(-0.0883076,-0.173327)(0.0847276,0.130128)(0.114995,0.0469415)
(0.132064,-0.1457)(0.101901,0.0180504)(0.327956,0)(0.156229,0.102313)(-0.0587532,0.16457)(-0.0293991,-0.316841)
(0.00667115,0.0901286)(-0.0883076,0.173327)(0.156229,-0.102313)(0.0489,0)(0.1958,-0.117915)(0.0749008,0.056848)
(-0.108233,-0.00447574)(0.0847276,-0.130128)(-0.0587532,-0.16457)(0.1958,0.117915)(0.012956,0)(0.26041,-0.0706457)
(-0.223726,0.163286)(0.114995,-0.0469415)(-0.0293991,0.316841)(0.0749008,-0.056848)(0.26041,0.0706457)(0.0275652,0)

(-0.112465,0)(0.102077,-0.137336)(-0.0868926,0.0683095)(-0.0512592,0.0361563)(-0.0290603,-0.001312)(-0.0476181,-0.19165)
(0.102077,0.137336)(-0.000718431,0)(0.0739492,-0.145495)(-0.0509521,0.0920384)(0.0594356,0.167156)(0.227328,0.02746)
(-0.0868926,-0.0683095)(0.0739492,0.145495)(0.471516,0)(-0.0293729,0.0156685)(0.0702226,-0.193862)(-0.199272,-0.247362)
(-0.0512592,-0.0361563)(-0.0509521,-0.0920384)(-0.0293729,-0.0156685)(-0.294962,0)(0.113415,-0.0339537)(-0.0706479,-0.150468)
(-0.0290603,0.001312)(0.0594356,-0.167156)(0.0702226,0.193862)(0.113415,0.0339537)(-0.145432,0)(0.243722,0.106581)
(-0.0476181,0.19165)(0.227328,-0.02746)(-0.199272,0.247362)(-0.0706479,0.150468)(0.243722,-0.106581)(0.0820617,0)

(0.146129,0)(0.231064,0.0495652)(-0.048135,-0.115036)(-0.131986,-0.00772698)(-0.115194,0.183961)(-0.0811376,0.127377)
(0.231064,-0.0495652)(-0.074974,0)(0.0167052,-0.0271117)(-0.100103,0.096353)(-0.0440897,0.255475)(-0.0315211,0.468446)
(-0.048135,0.115036)(0.0167052,0.0271117)(-0.00161643,0)(0.107626,-0.165126)(0.0897205,-0.30776)(-0.0139768,0.0544323)
(-0.131986,0.00772698)(-0.100103,-0.096353)(0.107626,0.165126)(0.0321649,0)(0.0738256,0.0468686)(-0.0278832,0.130035)
(-0.115194,-0.183961)(-0.0440897,-0.255475)(0.0897205,0.30776)(0.0738256,-0.0468686)(0.195185,0)(0.315981,0.0909659)
(-0.0811376,-0.127377)(-0.0315211,-0.468446)(-0.0139768,-0.0544323)(-0.0278832,-0.130035)(0.315981,-0.0909659)(-0.296888,0)

(0.122147,0)(-0.0231717,0.0881212)(-0.0350775,0.139432)(-0.0876214,-0.00401118)(0.185517,0.0632117)(0.103603,0.032895)
(-0.0231717,-0.0881212)(0.113456,0)(-0.152938,-0.0945511)(0.115261,0.115919)(0.0534832,0.11208)(-0.0793925,-0.242825)
(-0.0350775,-0.139432)(-0.152938,0.0945511)(-0.291942,0)(-0.289978,-0.0915199)(-0.141054,-0.0143957)(-0.0792818,0.24601)
(-0.0876214,0.00401118)(0.115261,-0.115919)(-0.289978,0.0915199)(-0.415218,0)(-0.258787,0.171258)(0.0448085,-0.215993)
(0.185517,-0.0632117)(0.0534832,-0.11208)(-0.141054,0.0143957)(-0.258787,-0.171258)(-0.0202874,0)(-0.0509031,0.00763091)
(0.103603,-0.032895)(-0.0793925,0.242825)(-0.0792818,-0.24601)(0.0448085,0.215993)(-0.0509031,-0.00763091)(0.491844,0)

(0.0366166,0)(0.049848,-0.209772)(0.129726,0.225453)(-0.204249,0.211721)(-0.0218541,-0.14982)(-0.0410208,0.0149023)
(0.049848,0.209772)(-0.287577,0)(0.0128069,-0.15838)(0.00867341,0.00721783)(0.0969359,0.0447931)(0.382986,-0.0582397)
(0.129726,-0.225453)(0.0128069,0.15838)(0.0683737,0)(-0.0136819,-0.139442)(0.161674,0.224803)(-0.049938,0.0838459)
(-0.204249,-0.211721)(0.00867341,-0.00721783)(-0.0136819,0.139442)(0.24425,0)(0.183359,-0.131691)(0.0522937,0.0104413)
(-0.0218541,0.14982)(0.0969359,-0.0447931)(0.161674,-0.224803)(0.183359,0.131691)(0.17636,0)(0.108806,-0.0812838)
(-0.0410208,-0.0149023)(0.382986,0.0582397)(-0.049938,-0.0838459)(0.0522937,-0.0104413)(0.108806,0.0812838)(-0.238024,0)

(-0.391291,0)(-0.011275,-0.107666)(0.0429772,0.104684)(0.0236948,-0.187512)(0.146361,0.0735892)(0.0315814,0.189146)
(-0.011275,0.107666)(0.26703,0)(-0.201098,0.00476918)(0.0798706,0.0574086)(-0.0335197,0.129272)(-0.166034,0.135458)
(0.0429772,-0.104684)(-0.201098,-0.00476918)(-0.287096,0)(0.104126,0.00781977)(0.0435262,-0.0240738)(0.05987,0.150301)
(0.0236948,0.187512)(0.0798706,-0.0574086)(0.104126,-0.00781977)(0.230938,0)(0.12411,0.041387)(0.0284751,0.279528)
(0.146361,-0.0735892)(-0.0335197,-0.129272)(0.0435262,0.0240738)(0.12411,-0.041387)(0.128082,0)(0.0213573,-0.133767)
(0.0315814,-0.189146)(-0.166034,-0.135458)(0.05987,-0.150301)(0.0284751,-0.279528)(0.0213573,0.133767)(0.0523367,0)

(0.118703,0)(0.014471,-0.00140355)(-0.311936,0.177417)(0.255907,-0.0100223)(0.0998416,0.083877)(0.158783,0.0388087)
(0.014471,0.00140355)(0.154115,0)(-0.060859,0.0937148)(-0.0182916,-0.132037)(0.197968,-0.140631)(-0.161534,0.0305164)
(-0.311936,-0.177417)(-0.060859,-0.0937148)(-0.049451,0)(-0.113541,0.137112)(-0.0917132,-0.0722684)(-0.131748,-0.20244)
(0.255907,0.0100223)(-0.0182916,0.132037)(-0.113541,-0.137112)(-0.088448,0)(0.243135,0.105312)(-0.037268,0.238549)
(0.0998416,-0.083877)(0.197968,0.140631)(-0.0917132,0.0722684)(0.243135,-0.105312)(-0.130334,0)(0.0445047,0.218519)
(0.158783,-0.0388087)(-0.161534,-0.0305164)(-0.131748,0.20244)(-0.037268,-0.238549)(0.0445047,-0.218519)(-0.00458433,0)

(0.588543,0)(0.105576,-0.0403844)(-0.187177,0.0913479)(0.0729215,-0.350786)(-0.044115,-0.120429)(-0.250893,0.328546)
(0.105576,0.0403844)(-0.382274,0)(-0.616525,-0.3062)(0.382759,-0.119849)(-0.523785,0.0447219)(-0.0152997,-0.136917)
(-0.187177,-0.0913479)(-0.616525,0.3062)(0.0979605,0)(-0.379448,-0.0506911)(-0.0226979,-0.34358)(0.0350649,0.182085)
(0.0729215,0.350786)(0.382759,0.119849)(-0.379448,0.0506911)(0.0886632,0)(-0.0269224,-0.515578)(0.160309,0.0897102)
(-0.044115,0.120429)(-0.523785,-0.0447219)(-0.0226979,0.34358)(-0.0269224,0.515578)(-0.120141,0)(0.0484876,0.462286)
(-0.250893,-0.328546)(-0.0152997,0.136917)(0.0350649,-0.182085)(0.160309,-0.0897102)(0.0484876,-0.462286)(-0.272751,0)

(-0.165568,0)(0.311706,-0.556674)(-0.129176,0.132892)(-0.337968,0.158966)(-0.128801,-0.382383)(0.0244759,0.373164)
(0.311706,0.556674)(-0.305359,0)(-0.0760424,-0.0521335)(-0.0146519,0.625601)(-0.208863,0.413638)(-0.0882753,0.270704)
(-0.129176,-0.132892)(-0.0760424,0.0521335)(-0.49345,0)(-0.188059,0.413366)(-0.056874,0.495452)(0.331447,-0.266755)
(-0.337968,-0.158966)(-0.0146519,-0.625601)(-0.188059,-0.413366)(0.570189,0)(0.105177,0.284724)(0.367355,-0.112733)
(-0.128801,0.382383)(-0.208863,-0.413638)(-0.056874,-0.495452)(0.105177,-0.284724)(0.0120575,0)(0.0734279,0.26375)
(0.0244759,-0.373164)(-0.0882753,-0.270704)(0.331447,0.266755)(0.367355,0.112733)(0.0734279,-0.26375)(0.382131,0)

(0.342803,0)(0.313418,0.0923299)(-0.4469,-0.47949)(0.0280815,-0.620364)(0.274021,0.238841)(-0.447133,0.226967)
(0.313418,-0.0923299)(0.835647,0)(-0.275011,-0.205404)(0.109356,0.168587)(0.222189,-0.0987194)(0.832702,-0.0132511)
(-0.4469,0.47949)(-0.275011,0.205404)(-0.252558,0)(-0.116552,0.122146)(-0.119901,0.311188)(0.39151,-0.278378)
(0.0280815,0.620364)(0.109356,-0.168587)(-0.116552,-0.122146)(-0.207404,0)(-0.287779,-0.352836)(0.271393,-0.33868)
(0.274021,-0.238841)(0.222189,0.0987194)(-0.119901,-0.311188)(-0.287779,0.352836)(-0.618194,0)(0.174509,-0.182168)
(-0.447133,-0.226967)(0.832702,0.0132511)(0.39151,0.278378)(0.271393,0.33868)(0.174509,0.182168)(-0.100294,0)

(-0.0966074,0)(0.278165,0.245448)(-0.194876,0.136248)(-0.194078,0.0756179)(0.0961744,0.0421371)(-0.158288,0.280564)
(0.278165,-0.245448)(-0.379476,0)(-0.300389,0.00430235)(0.312893,-0.165428)(-0.574438,-0.162427)(-0.157998,0.193751)
(-0.194876,-0.136248)(-0.300389,-0.00430235)(0.424989,0)(0.228023,0.197551)(0.038236,-0.101337)(-0.0184379,0.00942113)
(-0.194078,-0.0756179)(0.312893,0.165428)(0.228023,-0.197551)(0.207504,0)(-0.0348422,-0.103133)(0.136,-0.184996)
(0.0961744,-0.0421371)(-0.574438,0.162427)(0.038236,0.101337)(-0.0348422,0.103133)(-0.397133,0)(0.241429,-0.370267)
(-0.158288,-0.280564)(-0.157998,-0.193751)(-0.0184379,-0.00942113)(0.136,0.184996)(0.241429,0.370267)(0.240723,0)

(-0.000511376,0)(-0.140419,0.0341997)(0.0906091,0.0381961)(0.20512,0.0565756)(-0.400622,0.022209)(0.159898,-0.341274)
(-0.140419,-0.0341997)(0.0413505,0)(-0.290042,0.00607903)(0.188212,0.240897)(0.108064,0.0919044)(-0.0650047,-0.0985316)
(0.0906091,-0.0381961)(-0.290042,-0.00607903)(-0.109246,0)(-0.418701,-0.314322)(0.0104329,-0.153461)(-0.197127,-0.142586)
(0.20512,-0.0565756)(0.188212,-0.240897)(-0.418701,0.314322)(-0.437448,0)(-0.142263,-0.218728)(-0.0699024,0.325309)
(-0.400622,-0.022209)(0.108064,-0.0919044)(0.0104329,0.153461)(-0.142263,0.218728)(0.43405,0)(0.0585591,0.212295)
(0.159898,0.341274)(-0.0650047,0.0985316)(-0.197127,0.142586)(-0.0699024,-0.325309)(0.0585591,-0.212295)(0.0718053,0)

(0.157049,0)(0.149718,0.150495)(-0.421839,-0.071905)(0.174824,-0.127817)(0.0558949,-0.0690398)(-0.487928,0.240264)
(0.149718,-0.150495)(-0.154483,0)(-0.148189,-0.22741)(-0.0257538,-0.28134)(-0.380095,0.167602)(0.218575,0.192125)
(-0.421839,0.071905)(-0.148189,0.22741)(-0.0809511,0)(-0.0063362,-0.174327)(-0.129749,0.44753)(-0.196991,-0.0768941)
(0.174824,0.127817)(-0.0257538,0.28134)(-0.0063362,0.174327)(0.423699,0)(0.424965,0.269216)(-0.0894956,0.250345)
(0.0558949,0.0690398)(-0.380095,-0.167602)(-0.129749,-0.44753)(0.424965,-0.269216)(-0.0152002,0)(-0.15057,0.414852)
(-0.487928,-0.240264)(0.218575,-0.192125)(-0.196991,0.0768941)(-0.0894956,-0.250345)(-0.15057,-0.414852)(-0.330114,0)

(0.145348,0)(-0.27406,0.047264)(-0.17058,0.245046)(0.345773,0.397751)(-0.292185,-0.190187)(0.150748,-0.0551777)
(-0.27406,-0.047264)(-0.401239,0)(0.0703709,0.0552008)(-0.295253,-0.0621001)(-0.0332222,0.31685)(-0.291603,-0.0405065)
(-0.17058,-0.245046)(0.0703709,-0.0552008)(-0.508133,0)(-0.0435817,-0.0419846)(0.0340027,-0.337468)(-0.282707,-0.154871)
(0.345773,-0.397751)(-0.295253,0.0621001)(-0.0435817,0.0419846)(0.119069,0)(-0.183486,-0.125855)(0.00935811,-0.180255)
(-0.292185,0.190187)(-0.0332222,-0.31685)(0.0340027,0.337468)(-0.183486,0.125855)(0.350039,0)(-0.265626,-0.0502579)
(0.150748,0.0551777)(-0.291603,0.0405065)(-0.282707,0.154871)(0.00935811,0.180255)(-0.265626,0.0502579)(0.294916,0)

(-0.248686,0)(-0.461203,-0.259968)(-0.30517,-0.18702)(0.105409,-0.228231)(-0.113689,-0.20899)(-0.0314645,-0.129161)
(-0.461203,0.259968)(0.206374,0)(-0.309448,0.368945)(-0.142494,0.2509)(-0.472722,0.108905)(0.118472,0.276787)
(-0.30517,0.18702)(-0.309448,-0.368945)(0.0680321,0)(0.0529615,0.017063)(0.382424,0.281932)(-0.419364,0.163807)
(0.105409,0.228231)(-0.142494,-0.2509)(0.0529615,-0.017063)(-0.104283,0)(-0.0432488,0.392489)(0.474948,-0.159955)
(-0.113689,0.20899)(-0.472722,-0.108905)(0.382424,-0.281932)(-0.0432488,-0.392489)(-0.266396,0)(0.0811864,0.071415)
(-0.0314645,0.129161)(0.118472,-0.276787)(-0.419364,-0.163807)(0.474948,0.159955)(0.0811864,-0.071415)(0.344958,0)

(-0.242359,0)(0.141243,-0.00981)(0.294599,0.112295)(-0.672408,-0.0396885)(0.00722764,0.357746)(-0.181366,0.0856105)
(0.141243,0.00981)(-0.228263,0)(0.166541,0.0525683)(0.180815,-0.233227)(0.342326,-0.289343)(-0.192254,0.237448)
(0.294599,-0.112295)(0.166541,-0.0525683)(-0.200403,0)(-0.340111,-0.0462023)(0.119579,0.0509147)(-0.0090818,0.113897)
(-0.672408,0.0396885)(0.180815,0.233227)(-0.340111,0.0462023)(0.0293756,0)(-0.62268,-0.16692)(-0.355452,-0.251574)
(0.00722764,-0.357746)(0.342326,0.289343)(0.119579,-0.0509147)(-0.62268,0.16692)(0.61921,0)(0.0249355,0.14289)
(-0.181366,-0.0856105)(-0.192254,-0.237448)(-0.0090818,-0.113897)(-0.355452,0.251574)(0.0249355,-0.14289)(0.0224386,0)

