0.5
(0.403913,0)(-0.202985,-0.0128532)(0.271548,-0.0200495)(0.288258,0.187709)
(-0.202985,0.0128532)(0.0622151,0)(0.133833,-0.317061)(-0.13461,-0.235016)
(0.271548,0.0200495)(0.133833,0.317061)(0.148403,0)(0.00477664,-0.180641)
(0.288258,-0.187709)(-0.13461,0.235016)(0.00477664,0.180641)(-0.614532,0)

(-0.447493,0)(-0.0267812,0.247741)(0.0725544,-0.0518838)(0.0715699,-0.217574)
(-0.0267812,-0.247741)(-0.099853,0)(-0.245658,0.17999)(0.0354342,-0.0844493)
(0.0725544,0.0518838)(-0.245658,-0.17999)(0.121849,0)(0.0953797,-0.157179)
(0.0715699,0.217574)(0.0354342,0.0844493)(0.0953797,0.157179)(0.425497,0)

(0.0193328,0)(-0.133466,0.0959874)(0.0865897,-0.241717)(-0.278381,0.129596)
(-0.133466,-0.0959874)(0.287757,0)(-0.112756,0.183908)(0.223729,0.00676614)
(0.0865897,0.241717)(-0.112756,-0.183908)(-0.11472,0)(-0.00506293,0.589133)
(-0.278381,-0.129596)(0.223729,-0.00676614)(-0.00506293,-0.589133)(-0.19237,0)

(-0.244795,0)(0.234449,0.320295)(0.738404,-0.182154)(0.0281542,-0.132887)
(0.234449,-0.320295)(0.0882756,0)(-0.0399353,-0.147349)(0.0328147,-0.23406)
(0.738404,0.182154)(-0.0399353,0.147349)(0.174222,0)(0.0323191,-0.249489)
(0.0281542,0.132887)(0.0328147,0.23406)(0.0323191,0.249489)(-0.0177032,0)

(0.236957,0)(-0.130376,-0.126394)(-0.0213516,0.346502)(0.280245,-0.064722)
(-0.130376,0.126394)(-0.0899542,0)(-0.0965143,0.418353)(-0.013224,-0.143035)
(-0.0213516,-0.346502)(-0.0965143,-0.418353)(0.242943,0)(0.216373,0.231184)
(0.280245,0.064722)(-0.013224,0.143035)(0.216373,-0.231184)(-0.389946,0)

(0.176513,0)(-0.039475,0.174539)(0.0530645,-0.338495)(0.152152,-0.0309276)
(-0.039475,-0.174539)(-0.0380135,0)(0.319873,0.208042)(0.00811415,-0.0627454)
(0.0530645,0.338495)(0.319873,-0.208042)(-0.0842972,0)(0.0853125,0.025123)
(0.152152,0.0309276)(0.00811415,0.0627454)(0.0853125,-0.025123)(-0.0542024,0)

(-0.267793,0)(0.0597851,-0.143681)(-0.356167,-0.0702578)(0.0869185,0.212418)
(0.0597851,0.143681)(-0.0669468,0)(0.0778895,-0.220551)(0.148066,0.150347)
(-0.356167,0.0702578)(0.0778895,0.220551)(0.0101137,0)(0.315573,0.0159512)
(0.0869185,-0.212418)(0.148066,-0.150347)(0.315573,-0.0159512)(0.324626,0)

(-0.179265,0)(-0.465087,0.111536)(0.181322,-0.0784118)(-0.234532,-0.10569)
(-0.465087,-0.111536)(0.199215,0)(0.0773515,-0.239992)(-0.136607,-0.296651)
(0.181322,0.0784118)(0.0773515,0.239992)(0.12251,0)(-0.185886,-0.368524)
(-0.234532,0.10569)(-0.136607,0.296651)(-0.185886,0.368524)(-0.14246,0)

(-0.12616,0)(0.0431968,-0.216872)(-0.211399,-0.205025)(0.104711,0.185842)
(0.0431968,0.216872)(0.0022208,0)(-0.314906,0.196101)(-0.0707957,0.0520861)
(-0.211399,0.205025)(-0.314906,-0.196101)(0.0672308,0)(-0.207705,-0.0633648)
(0.104711,-0.185842)(-0.0707957,-0.0520861)(-0.207705,0.0633648)(0.0567085,0)

(-0.000155186,0)(0.000146509,-2.42253e-005)(-0.000173815,-8.40391e-005)(-0.000145751,-0.00010727)
(0.000146509,2.42253e-005)(3.78705e-005,0)(-0.000104724,0.000125892)(6.22037e-005,0.000127079)
(-0.000173815,8.40391e-005)(-0.000104724,-0.000125892)(-0.000166646,0)(-5.97425e-005,1.26745e-005)
(-0.000145751,0.00010727)(6.22037e-005,-0.000127079)(-5.97425e-005,-1.26745e-005)(0.000283962,0)

(0.000247554,0)(3.63343e-005,-7.95057e-005)(-1.14365e-005,5.70575e-005)(-0.000113035,0.00015772)
(3.63343e-005,7.95057e-005)(5.8116e-005,0)(0.000182686,-8.06618e-005)(-4.28507e-006,3.27637e-005)
(-1.14365e-005,-5.70575e-005)(0.000182686,8.06618e-005)(-7.88466e-005,0)(-8.71166e-005,0.000191325)
(-0.000113035,-0.00015772)(-4.28507e-006,-3.27637e-005)(-8.71166e-005,-0.000191325)(-0.000226824,0)

(-0.000127475,0)(-5.73611e-005,-6.5739e-005)(-9.15628e-005,0.000182511)(0.000252218,-0.000106664)
(-5.73611e-005,6.5739e-005)(-0.000154684,0)(-2.07349e-005,-6.75599e-006)(-0.000141278,-1.03311e-005)
(-9.15628e-005,-0.000182511)(-2.07349e-005,6.75599e-006)(0.000140249,0)(1.48264e-005,-0.000332042)
(0.000252218,0.000106664)(-0.000141278,1.03311e-005)(1.48264e-005,0.000332042)(0.000141909,0)

(0.000123753,0)(-6.48251e-005,-0.000150364)(-0.000355149,0.000142933)(1.65892e-005,0.00012696)
(-6.48251e-005,0.000150364)(-4.54529e-005,0)(3.03644e-005,3.55358e-005)(-2.58675e-005,0.000139227)
(-0.000355149,-0.000142933)(3.03644e-005,-3.55358e-005)(-0.000154406,0)(-4.83359e-005,9.01681e-005)
(1.65892e-005,-0.00012696)(-2.58675e-005,-0.000139227)(-4.83359e-005,-9.01681e-005)(7.6106e-005,0)

(-0.000192863,0)(8.68003e-005,7.53873e-005)(-8.89407e-005,-0.00030427)(-0.00028005,3.18979e-005)
(8.68003e-005,-7.53873e-005)(0.000161717,0)(-1.06961e-005,-0.000197548)(-5.74586e-005,5.00394e-005)
(-8.89407e-005,0.00030427)(-1.06961e-005,0.000197548)(-0.000134569,0)(-0.000193984,-7.02016e-005)
(-0.00028005,-3.18979e-005)(-5.74586e-005,-5.00394e-005)(-0.000193984,7.02016e-005)(0.000165716,0)

(-0.000183765,0)(-4.79002e-005,-0.000119667)(-3.58186e-005,0.000205846)(-7.38565e-005,9.80038e-006)
(-4.79002e-005,0.000119667)(4.21519e-005,0)(-0.000190758,-0.000157926)(-4.18606e-005,7.94979e-005)
(-3.58186e-005,-0.000205846)(-0.000190758,0.000157926)(0.000111694,0)(-6.68272e-005,-1.8184e-005)
(-7.38565e-005,-9.80038e-006)(-4.18606e-005,-7.94979e-005)(-6.68272e-005,1.8184e-005)(2.99194e-005,0)

(0.00023169,0)(-6.06341e-005,9.77554e-005)(0.000256461,8.15528e-005)(-7.29734e-005,-0.000224665)
(-6.06341e-005,-9.77554e-005)(1.79396e-005,0)(2.96316e-005,0.000103073)(-6.41116e-005,-4.03133e-006)
(0.000256461,-8.15528e-005)(2.96316e-005,-0.000103073)(-8.87548e-005,0)(-0.000226174,1.51098e-005)
(-7.29734e-005,0.000224665)(-6.41116e-005,4.03133e-006)(-0.000226174,-1.51098e-005)(-0.000160875,0)

(0.000179862,0)(0.000266958,-6.76856e-005)(-0.000105973,1.04229e-005)(0.000174237,0.000116081)
(0.000266958,6.76856e-005)(-0.000105738,0)(-2.86318e-005,0.000174379)(0.000110531,9.93248e-005)
(-0.000105973,-1.04229e-005)(-2.86318e-005,-0.000174379)(-0.000142342,0)(0.000142698,0.000197277)
(0.000174237,-0.000116081)(0.000110531,-9.93248e-005)(0.000142698,-0.000197277)(6.82184e-005,0)

(0.000141593,0)(-5.57692e-005,0.00012308)(0.000149017,0.000151187)(-5.92158e-005,-8.72021e-005)
(-5.57692e-005,-0.00012308)(2.76218e-005,0)(0.000175983,-4.38949e-005)(5.59294e-005,-6.54566e-005)
(0.000149017,-0.000151187)(0.000175983,4.38949e-005)(-3.41479e-005,0)(7.05671e-005,7.57889e-005)
(-5.92158e-005,8.72021e-005)(5.59294e-005,6.54566e-005)(7.05671e-005,-7.57889e-005)(-0.000135066,0)

63.0053
