0.5
(-0.135001,0)(0.0929035,0.04516)(-0.0969825,0.0134049)(-0.0848714,0.0269282)
(0.0929035,-0.04516)(0.0468393,0)(0.0310148,0.216973)(-0.021806,0.112988)
(-0.0969825,-0.0134049)(0.0310148,-0.216973)(0.278885,0)(-0.0610398,-0.0391709)
(-0.0848714,-0.0269282)(-0.021806,-0.112988)(-0.0610398,0.0391709)(-0.190723,0)

(0.0961573,0)(0.218469,0.0110987)(-0.169485,-0.12799)(-0.354036,0.297029)
(0.218469,-0.0110987)(-0.112251,0)(0.133826,-0.21573)(0.086202,0.0219699)
(-0.169485,0.12799)(0.133826,0.21573)(0.025955,0)(0.306544,-0.162386)
(-0.354036,-0.297029)(0.086202,-0.0219699)(0.306544,0.162386)(-0.00986166,0)

(0.264824,0)(0.0197,0.064337)(-0.0943702,-0.0470293)(-0.156123,0.0683895)
(0.0197,-0.064337)(-0.371566,0)(-0.110197,0.0956315)(-0.187184,-0.0501668)
(-0.0943702,0.0470293)(-0.110197,-0.0956315)(0.252328,0)(-0.108072,0.280043)
(-0.156123,-0.0683895)(-0.187184,0.0501668)(-0.108072,-0.280043)(-0.145586,0)

(-0.0965124,0)(-0.18879,-0.0845763)(-0.0720809,0.0389158)(0.10792,-0.00705654)
(-0.18879,0.0845763)(0.15866,0)(0.105232,0.139989)(-0.122511,0.132396)
(-0.0720809,-0.0389158)(0.105232,-0.139989)(-0.01149,0)(0.145712,-0.034922)
(0.10792,0.00705654)(-0.122511,-0.132396)(0.145712,0.034922)(-0.0506575,0)

(0.338502,0)(-0.238346,-0.101683)(0.125247,-0.226473)(0.284256,0.104089)
(-0.238346,0.101683)(-0.0055408,0)(-0.0311271,-0.00229186)(-0.119311,-0.198782)
(0.125247,0.226473)(-0.0311271,0.00229186)(-0.318617,0)(0.152171,0.157891)
(0.284256,-0.104089)(-0.119311,0.198782)(0.152171,-0.157891)(-0.0143436,0)

(0.193156,0)(-0.164596,0.169031)(0.247809,0.154145)(-0.0300996,-0.216772)
(-0.164596,-0.169031)(0.0106306,0)(-0.0752436,0.019287)(0.0640798,0.0549301)
(0.247809,-0.154145)(-0.0752436,-0.019287)(-0.0912542,0)(0.170943,0.00508321)
(-0.0300996,0.216772)(0.0640798,-0.0549301)(0.170943,-0.00508321)(-0.112533,0)

(0.00476607,0)(-0.0828221,-0.146069)(-0.0507235,-0.0334191)(0.0813037,0.013005)
(-0.0828221,0.146069)(-0.240423,0)(-0.0279629,0.127987)(-0.171153,0.184454)
(-0.0507235,0.0334191)(-0.0279629,-0.127987)(0.146646,0)(0.160171,-0.0335131)
(0.0813037,-0.013005)(-0.171153,-0.184454)(0.160171,0.0335131)(0.0890108,0)

(-0.208184,0)(0.0986825,0.259222)(0.0461392,-0.217179)(0.105154,0.127827)
(0.0986825,-0.259222)(0.28667,0)(0.071921,-0.0695785)(-0.0525645,-0.263512)
(0.0461392,0.217179)(0.071921,0.0695785)(-0.22021,0)(-0.130939,0.0259211)
(0.105154,-0.127827)(-0.0525645,0.263512)(-0.130939,-0.0259211)(0.141724,0)

(-0.162357,0)(-0.0629178,0.122475)(0.0694049,0.116804)(-0.495657,0.0518971)
(-0.0629178,-0.122475)(0.146288,0)(0.0535311,-7.85831e-005)(-0.0758284,0.282703)
(0.0694049,-0.116804)(0.0535311,7.85831e-005)(0.229288,0)(0.160235,-0.0342958)
(-0.495657,-0.0518971)(-0.0758284,-0.282703)(0.160235,0.0342958)(-0.213219,0)

(0.142853,0)(-0.297178,0.390754)(-0.462618,-0.38235)(0.149932,-0.017111)
(-0.297178,-0.390754)(-0.034366,0)(-0.0389746,-0.411054)(-0.674922,0.231726)
(-0.462618,0.38235)(-0.0389746,0.411054)(0.0814022,0)(0.0787693,-0.374219)
(0.149932,0.017111)(-0.674922,-0.231726)(0.0787693,0.374219)(-0.189889,0)

(-0.225225,0)(0.080112,0.447078)(-0.0746353,0.381885)(-0.146151,0.0742271)
(0.080112,-0.447078)(-0.506341,0)(0.652319,-0.218708)(0.317599,-0.181192)
(-0.0746353,-0.381885)(0.652319,0.218708)(0.887225,0)(-0.089339,0.318164)
(-0.146151,-0.0742271)(0.317599,0.181192)(-0.089339,-0.318164)(-0.15566,0)

(-0.222904,0)(-0.0955587,-0.148279)(-0.0779418,0.137758)(0.354991,0.671746)
(-0.0955587,0.148279)(0.124571,0)(0.472114,0.0677298)(-0.146292,0.0400719)
(-0.0779418,-0.137758)(0.472114,-0.0677298)(0.308916,0)(0.419559,0.0570646)
(0.354991,-0.671746)(-0.146292,-0.0400719)(0.419559,-0.0570646)(-0.210584,0)

(0.269974,0)(0.477776,0.427571)(0.404556,-0.208373)(0.276928,-0.100571)
(0.477776,-0.427571)(-0.217831,0)(-0.0621455,0.0159642)(-0.292579,0.132316)
(0.404556,0.208373)(-0.0621455,-0.0159642)(0.516687,0)(-0.177949,0.0852938)
(0.276928,0.100571)(-0.292579,-0.132316)(-0.177949,-0.0852938)(-0.568831,0)

(0.314878,0)(-0.451427,0.198209)(-0.0132033,0.0743975)(0.121978,0.11194)
(-0.451427,-0.198209)(-0.332141,0)(-0.119683,0.636691)(0.502678,-0.0468435)
(-0.0132033,-0.0743975)(-0.119683,-0.636691)(0.0845759,0)(-0.545779,-0.00379916)
(0.121978,-0.11194)(0.502678,0.0468435)(-0.545779,0.00379916)(-0.0673134,0)

(-0.103499,0)(-0.371825,-0.643733)(-0.0936859,0.292392)(0.192796,0.443224)
(-0.371825,0.643733)(0.00559549,0)(-0.394721,-0.119045)(0.195629,-0.104256)
(-0.0936859,-0.292392)(-0.394721,0.119045)(0.11794,0)(-0.0813422,-0.406646)
(0.192796,-0.443224)(0.195629,0.104256)(-0.0813422,0.406646)(-0.0200368,0)

(0.118013,0)(0.0705937,0.202547)(-0.0802679,-0.270416)(-0.256056,-0.316217)
(0.0705937,-0.202547)(0.555262,0)(-0.199743,0.271407)(-0.0220569,0.0452654)
(-0.0802679,0.270416)(-0.199743,-0.271407)(-0.0267668,0)(-0.119135,0.305533)
(-0.256056,0.316217)(-0.0220569,-0.0452654)(-0.119135,-0.305533)(-0.646508,0)

(0.0624011,0)(-0.285117,-0.294448)(-0.530908,0.311124)(-0.0628558,0.224135)
(-0.285117,0.294448)(-0.102022,0)(-0.0578531,0.324996)(-0.0755349,-0.37992)
(-0.530908,-0.311124)(-0.0578531,-0.324996)(0.000980791,0)(-0.305785,-0.562153)
(-0.0628558,-0.224135)(-0.0755349,0.37992)(-0.305785,0.562153)(0.0386406,0)

(0.328124,0)(0.0392405,0.105398)(-0.0782602,-0.0874025)(0.0540931,0.20281)
(0.0392405,-0.105398)(-0.833253,0)(0.548697,-0.0354369)(-0.0405306,0.488891)
(-0.0782602,0.0874025)(0.548697,0.0354369)(0.181769,0)(-0.316963,-0.428897)
(0.0540931,-0.20281)(-0.0405306,-0.488891)(-0.316963,0.428897)(0.32336,0)

63.0053
