0.5
(-0.0878413,0)(0.0432638,-0.0396037)(0.0453539,0.0661311)(-0.140558,0.0694411)
(0.0432638,0.0396037)(0.186654,0)(0.147849,-0.105498)(0.150537,0.111993)
(0.0453539,-0.0661311)(0.147849,0.105498)(-0.10173,0)(-0.0113821,-0.222509)
(-0.140558,-0.0694411)(0.150537,-0.111993)(-0.0113821,0.222509)(0.00291644,0)

(-0.0839113,0)(0.269729,-0.0422538)(0.112295,-0.0641632)(0.148319,0.00272073)
(0.269729,0.0422538)(-0.185771,0)(0.130292,-0.256712)(-0.203922,0.32672)
(0.112295,0.0641632)(0.130292,0.256712)(0.173642,0)(-0.178273,-0.357004)
(0.148319,-0.00272073)(-0.203922,-0.32672)(-0.178273,0.357004)(0.0960399,0)

(-0.154499,0)(0.0761893,-0.0318029)(-0.234189,0.141321)(-0.016968,0.188435)
(0.0761893,0.0318029)(0.166254,0)(-0.0443328,-0.126557)(-0.0071088,0.334385)
(-0.234189,-0.141321)(-0.0443328,0.126557)(-0.277415,0)(-0.023467,-0.219473)
(-0.016968,-0.188435)(-0.0071088,-0.334385)(-0.023467,0.219473)(0.26566,0)

(-0.0619278,0)(0.118065,-0.115488)(-0.23684,0.113977)(-0.159773,-0.249013)
(0.118065,0.115488)(-0.138109,0)(-0.133173,0.0283508)(-0.0894183,0.0804758)
(-0.23684,-0.113977)(-0.133173,-0.0283508)(0.143162,0)(0.133374,0.404192)
(-0.159773,0.249013)(-0.0894183,-0.0804758)(0.133374,-0.404192)(0.0568744,0)

(0.170925,0)(-0.0157423,-0.0160677)(0.203599,0.0262486)(0.00993023,-0.0511052)
(-0.0157423,0.0160677)(0.109672,0)(0.000242595,-0.0757695)(-0.00755106,0.0216324)
(0.203599,-0.0262486)(0.000242595,0.0757695)(-0.205101,0)(0.0750195,-0.140962)
(0.00993023,0.0511052)(-0.00755106,-0.0216324)(0.0750195,0.140962)(-0.0754954,0)

(0.0798085,0)(0.119693,-0.0302616)(-0.0318166,-0.248709)(0.0579958,0.136091)
(0.119693,0.0302616)(-0.0643402,0)(0.102279,-0.18464)(-0.146219,-0.0258544)
(-0.0318166,0.248709)(0.102279,0.18464)(0.176544,0)(0.130029,0.151739)
(0.0579958,-0.136091)(-0.146219,0.0258544)(0.130029,-0.151739)(-0.192012,0)

(0.0762351,0)(-0.262338,-0.0687055)(0.169784,-0.0807144)(0.083376,0.0197774)
(-0.262338,0.0687055)(0.0854233,0)(-0.0498195,0.100472)(-0.23599,0.0242844)
(0.169784,0.0807144)(-0.0498195,-0.100472)(0.111417,0)(0.0144077,0.0587731)
(0.083376,-0.0197774)(-0.23599,-0.0242844)(0.0144077,-0.0587731)(-0.273075,0)

(-0.410842,0)(-0.00109121,0.0148808)(-0.0317631,0.0278749)(0.134245,-0.117802)
(-0.00109121,-0.0148808)(0.0347379,0)(0.0929285,-0.010029)(-0.131099,-0.131386)
(-0.0317631,-0.0278749)(0.0929285,0.010029)(0.102396,0)(-0.0447647,0.100137)
(0.134245,0.117802)(-0.131099,0.131386)(-0.0447647,-0.100137)(0.273708,0)

(-0.151427,0)(-0.0127348,-0.0228168)(-0.309572,0.109964)(0.0591632,0.066144)
(-0.0127348,0.0228168)(-0.0770575,0)(-0.124194,-0.133293)(-0.307377,-0.156101)
(-0.309572,-0.109964)(-0.124194,0.133293)(-0.0614642,0)(-0.104242,0.0184848)
(0.0591632,-0.066144)(-0.307377,0.156101)(-0.104242,-0.0184848)(0.289949,0)

(-0.40557,0)(0.304049,-0.38361)(-0.0390236,0.264232)(0.0423258,0.0749385)
(0.304049,0.38361)(-0.388842,0)(-0.0538633,-0.0672518)(0.0321363,-0.265486)
(-0.0390236,-0.264232)(-0.0538633,0.0672518)(0.529642,0)(0.953559,-0.132649)
(0.0423258,-0.0749385)(0.0321363,0.265486)(0.953559,0.132649)(0.26477,0)

(0.187955,0)(-0.297471,-0.0326818)(-0.183558,-0.371634)(0.242077,0.18787)
(-0.297471,0.0326818)(-0.521533,0)(0.489289,-0.253182)(-0.159817,-0.0222173)
(-0.183558,0.371634)(0.489289,0.253182)(-0.197469,0)(0.0539827,-0.131184)
(0.242077,-0.18787)(-0.159817,0.0222173)(0.0539827,0.131184)(0.531047,0)

(-0.256582,0)(0.617801,-0.462932)(0.338745,-0.0857431)(0.341626,0.0852538)
(0.617801,0.462932)(0.0319192,0)(-0.36168,-0.523073)(0.422587,-0.194304)
(0.338745,0.0857431)(-0.36168,0.523073)(0.266955,0)(0.371283,0.305659)
(0.341626,-0.0852538)(0.422587,0.194304)(0.371283,-0.305659)(-0.042292,0)

(0.282845,0)(-0.0596532,-0.235327)(0.0675627,0.28094)(0.145202,0.0454153)
(-0.0596532,0.235327)(0.51472,0)(0.31343,-0.330514)(0.514824,-0.109062)
(0.0675627,-0.28094)(0.31343,0.330514)(-0.749849,0)(0.355617,-0.0283984)
(0.145202,-0.0454153)(0.514824,0.109062)(0.355617,0.0283984)(-0.0477167,0)

(0.0550975,0)(0.458926,-0.10644)(0.3423,1.1033)(0.254661,0.357957)
(0.458926,0.10644)(-0.284721,0)(0.139387,0.179105)(0.0469107,0.0732744)
(0.3423,-1.1033)(0.139387,-0.179105)(0.088344,0)(-0.0796893,0.540345)
(0.254661,-0.357957)(0.0469107,-0.0732744)(-0.0796893,-0.540345)(0.14128,0)

(-0.42971,0)(0.411108,-0.0152371)(0.117178,0.480976)(0.327451,0.752976)
(0.411108,0.0152371)(-0.156296,0)(0.210362,0.299521)(0.383694,0.417854)
(0.117178,-0.480976)(0.210362,-0.299521)(0.483838,0)(0.221421,0.0735456)
(0.327451,-0.752976)(0.383694,-0.417854)(0.221421,-0.0735456)(0.102167,0)

(0.0882053,0)(-0.224927,0.0255556)(-0.117909,0.261692)(0.57042,0.0237811)
(-0.224927,-0.0255556)(-0.503974,0)(-0.00817641,0.303071)(0.282286,-0.190208)
(-0.117909,-0.261692)(-0.00817641,-0.303071)(0.453097,0)(-0.324708,-0.145568)
(0.57042,-0.0237811)(0.282286,0.190208)(-0.324708,0.145568)(-0.0373281,0)

(0.309062,0)(-0.139282,0.268737)(0.314556,-0.142895)(-0.40539,0.185539)
(-0.139282,-0.268737)(-0.147893,0)(0.193903,0.0804715)(0.0424282,0.466043)
(0.314556,0.142895)(0.193903,-0.0804715)(-0.102719,0)(-0.0715555,0.0253991)
(-0.40539,-0.185539)(0.0424282,-0.466043)(-0.0715555,-0.0253991)(-0.0584504,0)

(0.336566,0)(-0.320017,-0.0582799)(0.261846,-0.0832323)(-0.17627,-0.0788045)
(-0.320017,0.0582799)(-0.565247,0)(-0.368042,-0.156538)(0.574585,0.259255)
(0.261846,0.0832323)(-0.368042,0.156538)(0.530614,0)(-0.546126,-0.285919)
(-0.17627,0.0788045)(0.574585,-0.259255)(-0.546126,0.285919)(-0.301933,0)

63.0053
