0.5
(-0.297582,0)(-0.0673163,0.171983)(0.102604,0.0618546)(-0.0452362,0.100839)
(-0.0673163,-0.171983)(0.532217,0)(-0.0692517,-0.053179)(0.0818873,0.178139)
(0.102604,-0.0618546)(-0.0692517,0.053179)(-0.00123895,0)(-0.0362934,0.0125846)
(-0.0452362,-0.100839)(0.0818873,-0.178139)(-0.0362934,-0.0125846)(-0.233396,0)

(0.198263,0)(0.202159,0.0789251)(0.117471,-0.246892)(0.231905,0.0285828)
(0.202159,-0.0789251)(0.101149,0)(-0.12104,0.0795235)(0.0231725,0.242551)
(0.117471,0.246892)(-0.12104,-0.0795235)(-0.485369,0)(-0.315042,0.242796)
(0.231905,-0.0285828)(0.0231725,-0.242551)(-0.315042,-0.242796)(0.185957,0)

(0.353542,0)(-0.114754,-0.0952567)(0.253238,-0.0914697)(0.078078,0.216534)
(-0.114754,0.0952567)(-0.0195445,0)(0.0272796,0.227994)(0.0829557,0.0267566)
(0.253238,0.0914697)(0.0272796,-0.227994)(-0.456223,0)(-0.196566,0.0324701)
(0.078078,-0.216534)(0.0829557,-0.0267566)(-0.196566,-0.0324701)(0.122226,0)

(0.0559885,0)(0.10621,0.136127)(-0.0432838,0.0857187)(0.323635,-0.0147856)
(0.10621,-0.136127)(-0.228207,0)(0.0308379,-0.0914249)(-0.165074,-0.106003)
(-0.0432838,-0.0857187)(0.0308379,0.0914249)(0.13713,0)(-0.170885,0.178758)
(0.323635,0.0147856)(-0.165074,0.106003)(-0.170885,-0.178758)(0.0350881,0)

(0.00606883,0)(-0.091721,-0.294943)(-0.0307123,-0.0274493)(0.00044565,-0.188642)
(-0.091721,0.294943)(-0.380073,0)(0.0795198,0.106756)(0.0750213,-0.197024)
(-0.0307123,0.0274493)(0.0795198,-0.106756)(0.0811653,0)(-0.0590221,0.0239311)
(0.00044565,0.188642)(0.0750213,0.197024)(-0.0590221,-0.0239311)(0.292839,0)

(-0.136317,0)(0.0479371,0.0642967)(-0.0551426,0.00751355)(-0.238775,0.166367)
(0.0479371,-0.0642967)(-0.262918,0)(0.180414,-0.267567)(-0.177784,0.0557744)
(-0.0551426,-0.00751355)(0.180414,0.267567)(0.228798,0)(0.0520201,0.0552579)
(-0.238775,-0.166367)(-0.177784,-0.0557744)(0.0520201,-0.0552579)(0.170437,0)

(0.293052,0)(-0.107434,-0.211357)(-0.0279007,0.063559)(-0.00105841,0.0307752)
(-0.107434,0.211357)(-0.0450169,0)(-0.0403524,-0.00135961)(0.18683,0.0678549)
(-0.0279007,-0.063559)(-0.0403524,0.00135961)(-0.256621,0)(-0.118551,0.0940764)
(-0.00105841,-0.0307752)(0.18683,-0.0678549)(-0.118551,-0.0940764)(0.00858626,0)

(-0.105089,0)(-0.189642,0.203308)(0.0838275,0.241163)(-0.288539,0.0523495)
(-0.189642,-0.203308)(-0.0218884,0)(-0.0171254,-0.018669)(0.161364,2.93828e-005)
(0.0838275,-0.241163)(-0.0171254,0.018669)(0.506721,0)(0.165375,-0.136979)
(-0.288539,-0.0523495)(0.161364,-2.93828e-005)(0.165375,0.136979)(-0.379744,0)

(0.188419,0)(-0.0715903,0.0599831)(0.190629,-0.271613)(0.0500744,0.0112119)
(-0.0715903,-0.0599831)(-0.276087,0)(-0.225178,-0.0856528)(-0.0356101,0.0469487)
(0.190629,0.271613)(-0.225178,0.0856528)(-0.0566095,0)(0.114988,0.204849)
(0.0500744,-0.0112119)(-0.0356101,-0.0469487)(0.114988,-0.204849)(0.144278,0)

(0.603635,0)(-0.200139,0.0420084)(0.978908,0.511291)(0.351555,-0.281314)
(-0.200139,-0.0420084)(-0.652608,0)(0.344279,-0.380307)(-0.672531,-0.0422097)
(0.978908,-0.511291)(0.344279,0.380307)(0.260589,0)(0.0678961,-0.191722)
(0.351555,0.281314)(-0.672531,0.0422097)(0.0678961,0.191722)(-0.211616,0)

(0.0360415,0)(0.313493,0.194744)(-0.397833,-0.378741)(-0.405718,0.108847)
(0.313493,-0.194744)(-0.426957,0)(0.133528,0.246489)(0.255552,-0.107214)
(-0.397833,0.378741)(0.133528,-0.246489)(0.231246,0)(0.32809,-0.312952)
(-0.405718,-0.108847)(0.255552,0.107214)(0.32809,0.312952)(0.15967,0)

(-0.294079,0)(-0.0572485,-0.227828)(-0.199634,0.190599)(-0.326165,0.123802)
(-0.0572485,0.227828)(0.253874,0)(-0.351096,-0.0507668)(0.0815832,-0.261149)
(-0.199634,-0.190599)(-0.351096,0.0507668)(-0.0645981,0)(-0.12744,-0.0484718)
(-0.326165,-0.123802)(0.0815832,0.261149)(-0.12744,0.0484718)(0.104803,0)

(-0.624226,0)(-0.374459,-0.0564214)(-0.179588,0.430465)(0.225122,0.1175)
(-0.374459,0.0564214)(0.905089,0)(0.0285094,-0.183449)(-0.456883,0.129319)
(-0.179588,-0.430465)(0.0285094,0.183449)(-0.42374,0)(0.244272,-0.226738)
(0.225122,-0.1175)(-0.456883,-0.129319)(0.244272,0.226738)(0.142877,0)

(0.292111,0)(-0.0870166,0.289527)(-0.192604,-0.231076)(-0.16455,-0.239957)
(-0.0870166,-0.289527)(0.294769,0)(-0.389107,0.111803)(-0.178564,0.140874)
(-0.192604,0.231076)(-0.389107,-0.111803)(-0.613757,0)(0.0904495,-0.689516)
(-0.16455,0.239957)(-0.178564,-0.140874)(0.0904495,0.689516)(0.0268769,0)

(0.00896377,0)(0.192372,0.152707)(-0.448109,-0.631683)(0.0208595,0.270125)
(0.192372,-0.152707)(0.595012,0)(0.0824862,0.118667)(0.0771591,-0.248506)
(-0.448109,0.631683)(0.0824862,-0.118667)(0.0179506,0)(-0.205075,0.0851213)
(0.0208595,-0.270125)(0.0771591,0.248506)(-0.205075,-0.0851213)(-0.621926,0)

(0.188425,0)(-0.0406566,0.294152)(-0.0623695,-0.427)(-0.0768126,0.202903)
(-0.0406566,-0.294152)(-0.0171988,0)(-0.101987,0.232465)(-0.0929234,-0.488775)
(-0.0623695,0.427)(-0.101987,-0.232465)(-0.079462,0)(0.206925,-0.437792)
(-0.0768126,-0.202903)(-0.0929234,0.488775)(0.206925,0.437792)(-0.0917645,0)

(-0.389528,0)(0.0635219,-0.437397)(0.032626,0.0496539)(0.29451,0.190465)
(0.0635219,0.437397)(0.666892,0)(-0.00534672,-0.0728311)(-0.100025,-0.0295994)
(0.032626,-0.0496539)(-0.00534672,0.0728311)(-0.367922,0)(0.10788,0.217919)
(0.29451,-0.190465)(-0.100025,0.0295994)(0.10788,-0.217919)(0.0905577,0)

(-0.110054,0)(0.468277,-0.549394)(0.0791546,0.0699407)(-0.384078,-0.62726)
(0.468277,0.549394)(0.84835,0)(0.636946,-0.0187681)(0.0993203,0.210311)
(0.0791546,-0.0699407)(0.636946,0.0187681)(-0.215581,0)(-0.0621433,0.0265083)
(-0.384078,0.62726)(0.0993203,-0.210311)(-0.0621433,-0.0265083)(-0.522716,0)

63.0053
