0.5
(-0.317817,0)(-0.105186,0.0285566)(7.6126e-005,0.146737)(0.0115268,-0.108431)
(-0.105186,-0.0285566)(0.132769,0)(-0.323385,-0.000492177)(0.0456368,0.195992)
(7.6126e-005,-0.146737)(-0.323385,0.000492177)(0.298661,0)(-0.0289161,0.0967948)
(0.0115268,0.108431)(0.0456368,-0.195992)(-0.0289161,-0.0967948)(-0.113613,0)

(-0.16369,0)(0.161587,-0.0891405)(0.050573,0.215981)(0.0493371,0.11465)
(0.161587,0.0891405)(0.0749545,0)(-0.11147,-0.0383282)(-0.0640954,0.00405605)
(0.050573,-0.215981)(-0.11147,0.0383282)(-0.0299356,0)(0.100918,0.07827)
(0.0493371,-0.11465)(-0.0640954,-0.00405605)(0.100918,-0.07827)(0.118671,0)

(0.0577311,0)(0.20637,0.0683422)(0.20846,0.265278)(0.020167,0.0502081)
(0.20637,-0.0683422)(0.103278,0)(-0.281347,0.0838907)(0.0467954,0.18803)
(0.20846,-0.265278)(-0.281347,-0.0838907)(0.128776,0)(0.110069,-0.444893)
(0.020167,-0.0502081)(0.0467954,-0.18803)(0.110069,0.444893)(-0.289786,0)

(0.146625,0)(0.324172,0.061189)(0.122022,0.0708361)(-0.236552,0.0685389)
(0.324172,-0.061189)(0.0847243,0)(0.189247,-0.414956)(0.0179686,-0.0835508)
(0.122022,-0.0708361)(0.189247,0.414956)(0.097848,0)(-0.0957613,-0.191909)
(-0.236552,-0.0685389)(0.0179686,0.0835508)(-0.0957613,0.191909)(-0.329197,0)

(0.0900161,0)(-0.177279,-0.306003)(-0.0528872,-0.0241328)(-0.126505,0.112312)
(-0.177279,0.306003)(-0.211923,0)(-0.0111288,0.0942155)(0.0626713,-0.158051)
(-0.0528872,0.0241328)(-0.0111288,-0.0942155)(-0.137703,0)(-0.184026,0.0261786)
(-0.126505,-0.112312)(0.0626713,0.158051)(-0.184026,-0.0261786)(0.25961,0)

(0.126854,0)(0.0814158,0.00723712)(-0.27925,0.0090057)(0.145754,0.410865)
(0.0814158,-0.00723712)(-0.10204,0)(0.150399,0.187415)(0.00343488,-0.324332)
(-0.27925,-0.0090057)(0.150399,-0.187415)(-0.335392,0)(0.0392192,-0.12428)
(0.145754,-0.410865)(0.00343488,0.324332)(0.0392192,0.12428)(0.310578,0)

(0.191819,0)(0.131234,0.0402858)(0.0173827,-0.198263)(-0.10571,-0.206706)
(0.131234,-0.0402858)(0.264204,0)(0.505097,-0.040011)(-0.0857143,0.0995839)
(0.0173827,0.198263)(0.505097,0.040011)(-0.277384,0)(0.123563,-0.016086)
(-0.10571,0.206706)(-0.0857143,-0.0995839)(0.123563,0.016086)(-0.178639,0)

(-0.0258833,0)(0.058742,0.157112)(-0.134231,-0.340428)(-0.152365,-0.213021)
(0.058742,-0.157112)(0.0779803,0)(-0.107205,0.0699306)(0.0521662,-0.078072)
(-0.134231,0.340428)(-0.107205,-0.0699306)(-0.224516,0)(0.314219,-0.0462986)
(-0.152365,0.213021)(0.0521662,0.078072)(0.314219,0.0462986)(0.172419,0)

(0.0538932,0)(0.0245751,-0.0395053)(0.0648832,-0.0715443)(-0.0716595,-0.0595872)
(0.0245751,0.0395053)(-0.143018,0)(0.133913,-0.344506)(-0.231327,0.054702)
(0.0648832,0.0715443)(0.133913,0.344506)(-0.11014,0)(-0.036992,-0.0045893)
(-0.0716595,0.0595872)(-0.231327,-0.054702)(-0.036992,0.0045893)(0.199264,0)

(-0.986987,0)(-0.081671,0.36141)(-0.270644,-0.0802876)(0.134829,0.10821)
(-0.081671,-0.36141)(0.456527,0)(0.259386,0.0797941)(-0.207449,-0.0026997)
(-0.270644,0.0802876)(0.259386,-0.0797941)(0.288172,0)(-0.138803,-0.0742895)
(0.134829,-0.10821)(-0.207449,0.0026997)(-0.138803,0.0742895)(0.242287,0)

(0.284516,0)(0.358817,0.0936875)(-0.280798,-0.338056)(0.242512,-0.196102)
(0.358817,-0.0936875)(0.252278,0)(-0.340076,0.350373)(-0.446238,-0.131936)
(-0.280798,0.338056)(-0.340076,-0.350373)(-0.200483,0)(-0.662852,0.302158)
(0.242512,0.196102)(-0.446238,0.131936)(-0.662852,-0.302158)(-0.336311,0)

(0.159833,0)(-0.488131,0.246536)(0.280247,-0.452372)(-0.255367,0.168212)
(-0.488131,-0.246536)(0.504862,0)(0.00324238,0.483059)(-0.352534,0.0113273)
(0.280247,0.452372)(0.00324238,-0.483059)(-0.715624,0)(0.0597625,0.0596004)
(-0.255367,-0.168212)(-0.352534,-0.0113273)(0.0597625,-0.0596004)(0.0509287,0)

(-0.425033,0)(-0.137291,0.207432)(-0.120187,-0.367542)(0.371622,-0.301332)
(-0.137291,-0.207432)(0.0178824,0)(0.337226,0.383123)(0.128591,-0.19579)
(-0.120187,0.367542)(0.337226,-0.383123)(-0.0479565,0)(0.099156,-0.00834059)
(0.371622,0.301332)(0.128591,0.19579)(0.099156,0.00834059)(0.455107,0)

(0.289391,0)(-0.166826,0.408512)(0.534258,0.237988)(-0.569577,0.0414854)
(-0.166826,-0.408512)(-0.316691,0)(0.0963166,0.360026)(-0.074326,-0.228756)
(0.534258,-0.237988)(0.0963166,-0.360026)(-0.232504,0)(0.365541,0.0330482)
(-0.569577,-0.0414854)(-0.074326,0.228756)(0.365541,-0.0330482)(0.259803,0)

(-0.185028,0)(0.194619,-0.544497)(-0.140574,-0.0805515)(-0.426815,0.0674137)
(0.194619,0.544497)(0.626733,0)(-0.115116,0.189626)(-0.269668,-0.177039)
(-0.140574,0.0805515)(-0.115116,-0.189626)(0.332023,0)(-0.117022,-0.017751)
(-0.426815,-0.0674137)(-0.269668,0.177039)(-0.117022,0.017751)(-0.773729,0)

(-0.31536,0)(-0.0378375,0.170796)(0.126309,0.0194124)(-0.280081,0.42733)
(-0.0378375,-0.170796)(-0.0281015,0)(0.00868387,-0.0632304)(-0.0550829,0.399844)
(0.126309,-0.0194124)(0.00868387,0.0632304)(-0.064892,0)(-0.408222,-0.52212)
(-0.280081,-0.42733)(-0.0550829,-0.399844)(-0.408222,0.52212)(0.408353,0)

(0.209869,0)(-0.109645,-0.771745)(-0.157452,0.251582)(-0.0159538,0.114423)
(-0.109645,0.771745)(-0.292053,0)(0.00122055,-0.23395)(-0.381232,-0.0645096)
(-0.157452,-0.251582)(0.00122055,0.23395)(0.683092,0)(-0.0852467,-0.529033)
(-0.0159538,-0.114423)(-0.381232,0.0645096)(-0.0852467,0.529033)(-0.600907,0)

(0.364103,0)(-0.176821,-0.109975)(0.0862539,-0.141328)(0.0203976,-0.177921)
(-0.176821,0.109975)(-0.184525,0)(0.00429995,0.0669745)(-0.0967383,0.0223549)
(0.0862539,0.141328)(0.00429995,-0.0669745)(0.0595197,0)(0.306843,0.0939483)
(0.0203976,0.177921)(-0.0967383,-0.0223549)(0.306843,-0.0939483)(-0.239097,0)

63.0053
