0.5
(0.31999,0)(-0.0688314,-0.0113873)(0.0454328,0.0451172)(-0.15878,-0.08156)
(-0.0688314,0.0113873)(-0.0675966,0)(-0.176907,-0.050449)(0.0578389,0.12437)
(0.0454328,-0.0451172)(-0.176907,0.050449)(-0.395358,0)(-0.117301,-0.315193)
(-0.15878,0.08156)(0.0578389,-0.12437)(-0.117301,0.315193)(0.142964,0)

(0.281636,0)(0.0355707,0.0446327)(-0.0247835,0.114599)(0.0619349,0.0389489)
(0.0355707,-0.0446327)(-0.172973,0)(0.0755617,-0.138244)(0.410076,0.11581)
(-0.0247835,-0.114599)(0.0755617,0.138244)(-0.20596,0)(-0.0806473,0.0310309)
(0.0619349,-0.0389489)(0.410076,-0.11581)(-0.0806473,-0.0310309)(0.0972966,0)

(0.0369868,0)(0.040431,-0.155914)(0.0675924,0.165523)(-0.00313088,0.339937)
(0.040431,0.155914)(0.0626353,0)(-0.0617289,0.322756)(0.297356,0.141996)
(0.0675924,-0.165523)(-0.0617289,-0.322756)(-0.241139,0)(0.14056,-0.00279568)
(-0.00313088,-0.339937)(0.297356,-0.141996)(0.14056,0.00279568)(0.141517,0)

(0.261849,0)(-0.0652354,-0.0337079)(-0.0858241,0.320259)(0.205266,-0.17687)
(-0.0652354,0.0337079)(0.153672,0)(-0.199601,-0.154058)(-0.162879,0.0659426)
(-0.0858241,-0.320259)(-0.199601,0.154058)(-0.466904,0)(-0.016494,0.189064)
(0.205266,0.17687)(-0.162879,-0.0659426)(-0.016494,-0.189064)(0.051383,0)

(-0.10933,0)(0.00156506,0.0349593)(0.224956,-0.0452614)(-0.150216,0.252282)
(0.00156506,-0.0349593)(-0.305769,0)(-0.297217,0.090999)(-0.235544,0.100392)
(0.224956,0.0452614)(-0.297217,-0.090999)(0.168964,0)(0.027054,0.00210805)
(-0.150216,-0.252282)(-0.235544,-0.100392)(0.027054,-0.00210805)(0.246134,0)

(0.1773,0)(0.074245,0.136325)(-0.0510647,0.0944192)(-0.0433762,-0.0606822)
(0.074245,-0.136325)(-0.174235,0)(-0.119136,0.201639)(0.033696,0.334682)
(-0.0510647,-0.0944192)(-0.119136,-0.201639)(-0.119365,0)(-0.0646557,-0.000430125)
(-0.0433762,0.0606822)(0.033696,-0.334682)(-0.0646557,0.000430125)(0.1163,0)

(0.277928,0)(0.0236215,-0.124557)(-0.143559,0.27291)(-0.028191,-0.129732)
(0.0236215,0.124557)(0.105532,0)(0.123064,0.219434)(-0.00182037,0.12671)
(-0.143559,-0.27291)(0.123064,-0.219434)(-0.282379,0)(0.0981463,-0.174896)
(-0.028191,0.129732)(-0.00182037,-0.12671)(0.0981463,0.174896)(-0.101081,0)

(-0.0944659,0)(-0.25175,0.144065)(0.16472,-0.161221)(0.240297,0.181284)
(-0.25175,-0.144065)(0.121464,0)(-0.021028,-0.296354)(0.276768,-0.0388416)
(0.16472,0.161221)(-0.021028,0.296354)(-0.0621584,0)(0.034952,0.0293118)
(0.240297,-0.181284)(0.276768,0.0388416)(0.034952,-0.0293118)(0.0351602,0)

(-0.287696,0)(-0.140434,-0.103872)(0.0443188,0.044624)(-0.190027,0.106203)
(-0.140434,0.103872)(0.0459351,0)(0.0931881,0.159919)(-0.0304401,0.0162449)
(0.0443188,-0.044624)(0.0931881,-0.159919)(0.303835,0)(0.269958,0.103112)
(-0.190027,-0.106203)(-0.0304401,-0.0162449)(0.269958,-0.103112)(-0.0620738,0)

(-0.0819399,0)(0.538601,-0.218274)(-0.298126,0.351896)(0.275805,-0.134887)
(0.538601,0.218274)(-0.68674,0)(0.0131669,-0.0785017)(0.49451,0.0808783)
(-0.298126,-0.351896)(0.0131669,0.0785017)(0.296424,0)(-0.136113,0.402336)
(0.275805,0.134887)(0.49451,-0.0808783)(-0.136113,-0.402336)(0.472255,0)

(0.321253,0)(-0.29681,-0.0181307)(0.495673,0.100581)(-0.0505875,-0.252495)
(-0.29681,0.0181307)(-0.203705,0)(-0.500728,0.0652525)(-0.330844,0.108306)
(0.495673,-0.100581)(-0.500728,-0.0652525)(0.0905553,0)(0.0251183,-0.565433)
(-0.0505875,0.252495)(-0.330844,-0.108306)(0.0251183,0.565433)(-0.208104,0)

(0.450452,0)(-0.085789,0.0713595)(-0.363634,-0.298483)(-0.637538,-0.228975)
(-0.085789,-0.0713595)(-0.494613,0)(-0.6437,0.052961)(-0.125107,0.208365)
(-0.363634,0.298483)(-0.6437,-0.052961)(0.318001,0)(0.106444,0.269009)
(-0.637538,0.228975)(-0.125107,-0.208365)(0.106444,-0.269009)(-0.27384,0)

(0.343698,0)(-0.341206,0.152456)(0.117323,0.0806616)(-0.338689,-0.271003)
(-0.341206,-0.152456)(-0.216198,0)(0.123873,0.124681)(0.174566,0.0509636)
(0.117323,-0.0806616)(0.123873,-0.124681)(0.025454,0)(0.156185,0.126464)
(-0.338689,0.271003)(0.174566,-0.0509636)(0.156185,-0.126464)(-0.152954,0)

(-0.162991,0)(0.312377,0.389373)(-0.0174983,0.227475)(0.122207,0.0602892)
(0.312377,-0.389373)(-0.271867,0)(-0.242412,-0.0100572)(0.640343,0.15035)
(-0.0174983,-0.227475)(-0.242412,0.0100572)(0.222595,0)(0.41329,0.187185)
(0.122207,-0.0602892)(0.640343,-0.15035)(0.41329,-0.187185)(0.212263,0)

(0.609516,0)(-0.519114,0.0732064)(-0.264303,-0.445175)(0.1052,0.387238)
(-0.519114,-0.0732064)(-0.348575,0)(-0.265282,0.484162)(0.0121845,0.0503051)
(-0.264303,0.445175)(-0.265282,-0.484162)(-0.522849,0)(-0.302444,0.312956)
(0.1052,-0.387238)(0.0121845,-0.0503051)(-0.302444,-0.312956)(0.261907,0)

(0.251758,0)(0.283028,-0.234284)(-0.111589,0.23399)(-0.307653,0.0741756)
(0.283028,0.234284)(-0.0990489,0)(0.212592,-0.177387)(-0.105449,-0.171659)
(-0.111589,-0.23399)(0.212592,0.177387)(-0.112885,0)(-0.393532,0.315618)
(-0.307653,-0.0741756)(-0.105449,0.171659)(-0.393532,-0.315618)(-0.0398244,0)

(-0.2984,0)(-0.58753,0.285131)(-0.787978,-0.271624)(0.0834409,-0.042889)
(-0.58753,-0.285131)(-0.814486,0)(-0.0497097,-0.0239029)(-0.255532,0.0806643)
(-0.787978,0.271624)(-0.0497097,0.0239029)(0.349705,0)(-0.0265414,0.187254)
(0.0834409,0.042889)(-0.255532,-0.0806643)(-0.0265414,-0.187254)(0.763181,0)

(0.183939,0)(0.0317484,-0.250902)(0.402662,0.0203892)(0.287169,0.0236294)
(0.0317484,0.250902)(0.0148568,0)(-0.162644,0.152587)(-0.0371424,-0.364381)
(0.402662,-0.0203892)(-0.162644,-0.152587)(-0.0488315,0)(-0.0578048,0.291119)
(0.287169,-0.0236294)(-0.0371424,0.364381)(-0.0578048,-0.291119)(-0.149965,0)

63.0053
