0.5
(-0.219708,0)(-0.154658,0.0429276)(-0.0842971,-0.30764)(-0.0165761,0.0918234)
(-0.154658,-0.0429276)(0.124238,0)(-0.136973,0.0593705)(0.0195878,-0.018077)
(-0.0842971,0.30764)(-0.136973,-0.0593705)(-0.0139646,0)(0.220379,0.00603286)
(-0.0165761,-0.0918234)(0.0195878,0.018077)(0.220379,-0.00603286)(0.109435,0)

(0.199367,0)(0.0573175,-0.119436)(-0.0804055,-0.123794)(-0.0450698,0.0811889)
(0.0573175,0.119436)(0.0501404,0)(-0.175129,-0.0511257)(-0.107267,-0.0658205)
(-0.0804055,0.123794)(-0.175129,0.0511257)(0.0967816,0)(-0.23153,0.00344169)
(-0.0450698,-0.0811889)(-0.107267,0.0658205)(-0.23153,-0.00344169)(-0.346289,0)

(-0.152769,0)(-0.218955,-0.0201158)(-0.136783,-0.292579)(-0.0635457,-0.00350381)
(-0.218955,0.0201158)(0.359741,0)(-0.24346,0.508356)(0.0864447,-0.085555)
(-0.136783,0.292579)(-0.24346,-0.508356)(0.153522,0)(-0.0847389,-0.10494)
(-0.0635457,0.00350381)(0.0864447,0.085555)(-0.0847389,0.10494)(-0.360493,0)

(-0.200673,0)(-0.234983,0.128124)(0.361302,0.012603)(-0.0430308,0.340999)
(-0.234983,-0.128124)(-0.067403,0)(0.0330359,-0.0150561)(0.282405,-0.245194)
(0.361302,-0.012603)(0.0330359,0.0150561)(0.244638,0)(0.219187,-0.00168022)
(-0.0430308,-0.340999)(0.282405,0.245194)(0.219187,0.00168022)(0.0234382,0)

(-0.0843487,0)(-0.0691839,0.24741)(0.261903,-0.0803063)(0.279763,-0.0229079)
(-0.0691839,-0.24741)(0.197483,0)(-0.20506,0.080862)(0.199414,-0.0984372)
(0.261903,0.0803063)(-0.20506,-0.080862)(0.0330387,0)(0.00830978,-0.040708)
(0.279763,0.0229079)(0.199414,0.0984372)(0.00830978,0.040708)(-0.146173,0)

(-0.0890459,0)(0.166734,0.188168)(-0.0702627,-0.0208773)(-0.149594,-0.0623673)
(0.166734,-0.188168)(-0.0371223,0)(0.0877613,0.116113)(0.160025,-0.23544)
(-0.0702627,0.0208773)(0.0877613,-0.116113)(0.0861601,0)(-0.388634,0.185957)
(-0.149594,0.0623673)(0.160025,0.23544)(-0.388634,-0.185957)(0.0400081,0)

(0.190998,0)(0.120479,-0.338584)(-0.17838,0.145802)(-0.241828,-0.169594)
(0.120479,0.338584)(0.10409,0)(0.131359,0.146639)(0.0266588,-0.193409)
(-0.17838,-0.145802)(0.131359,-0.146639)(-0.405102,0)(-0.293947,0.42779)
(-0.241828,0.169594)(0.0266588,0.193409)(-0.293947,-0.42779)(0.110013,0)

(0.120073,0)(0.155288,0.0880281)(-0.140107,0.102661)(0.0174885,-0.233434)
(0.155288,-0.0880281)(0.117102,0)(-0.118688,0.116019)(0.014566,-0.0494563)
(-0.140107,-0.102661)(-0.118688,-0.116019)(-0.0960474,0)(-0.384547,0.194497)
(0.0174885,0.233434)(0.014566,0.0494563)(-0.384547,-0.194497)(-0.141128,0)

(0.217849,0)(0.08278,-0.0843452)(-0.191929,0.122092)(0.0168802,-0.288542)
(0.08278,0.0843452)(-0.0396824,0)(-0.0904756,0.0466883)(-0.0405108,-0.198659)
(-0.191929,-0.122092)(-0.0904756,-0.0466883)(-0.239862,0)(-0.0837391,-0.0706177)
(0.0168802,0.288542)(-0.0405108,0.198659)(-0.0837391,0.0706177)(0.0616945,0)

(-0.468782,0)(-0.334757,-0.282378)(0.230675,-0.411866)(-0.417391,-0.396485)
(-0.334757,0.282378)(0.30218,0)(0.415466,0.0563934)(0.0978453,0.0564328)
(0.230675,0.411866)(0.415466,-0.0563934)(0.050412,0)(-0.0881281,-0.325819)
(-0.417391,0.396485)(0.0978453,-0.0564328)(-0.0881281,0.325819)(0.11619,0)

(0.533345,0)(-0.286478,0.233122)(-0.0775235,0.0790882)(0.0126557,0.456173)
(-0.286478,-0.233122)(-0.245267,0)(-0.0551089,0.00294478)(0.247389,-0.132592)
(-0.0775235,-0.0790882)(-0.0551089,-0.00294478)(-0.218638,0)(-0.494889,-0.298855)
(0.0126557,-0.456173)(0.247389,0.132592)(-0.494889,0.298855)(-0.0694398,0)

(-0.389805,0)(-0.439802,-0.290588)(-0.456594,-0.176288)(-0.551793,0.201698)
(-0.439802,0.290588)(-0.0157737,0)(-0.12987,-0.245428)(0.503019,-0.133565)
(-0.456594,0.176288)(-0.12987,0.245428)(0.452403,0)(0.0653138,-0.032837)
(-0.551793,-0.201698)(0.503019,0.133565)(0.0653138,0.032837)(-0.0468249,0)

(-0.23917,0)(0.00875966,0.0811432)(-0.0734152,-0.190701)(-0.10023,-0.0204536)
(0.00875966,-0.0811432)(0.396177,0)(-0.0702998,-0.0440292)(0.0103526,-0.122522)
(-0.0734152,0.190701)(-0.0702998,0.0440292)(0.147778,0)(-0.237485,-0.225735)
(-0.10023,0.0204536)(0.0103526,0.122522)(-0.237485,0.225735)(-0.304785,0)

(-0.144223,0)(-0.151595,-0.033187)(-0.192714,0.302968)(0.343256,0.411081)
(-0.151595,0.033187)(-0.308937,0)(0.0317004,-0.159419)(-0.496727,-0.462661)
(-0.192714,-0.302968)(0.0317004,0.159419)(0.296166,0)(-0.167767,-0.206825)
(0.343256,-0.411081)(-0.496727,0.462661)(-0.167767,0.206825)(0.156995,0)

(0.604601,0)(0.036457,0.621564)(-0.635894,0.189681)(-0.424749,0.214118)
(0.036457,-0.621564)(-0.106786,0)(-0.155038,-0.218828)(0.262059,-0.447536)
(-0.635894,-0.189681)(-0.155038,0.218828)(0.0940004,0)(0.231825,-0.00895571)
(-0.424749,-0.214118)(0.262059,0.447536)(0.231825,0.00895571)(-0.591814,0)

(0.0425049,0)(-0.404318,-0.492431)(0.0987445,-0.0851653)(-0.265684,-0.106689)
(-0.404318,0.492431)(0.223471,0)(0.0502775,-0.0223427)(0.25366,0.199443)
(0.0987445,0.0851653)(0.0502775,0.0223427)(-0.697887,0)(-0.249987,0.133502)
(-0.265684,0.106689)(0.25366,-0.199443)(-0.249987,-0.133502)(0.431912,0)

(0.17551,0)(0.161775,0.137467)(0.295762,0.0686566)(-0.240067,-0.17891)
(0.161775,-0.137467)(-0.211151,0)(0.31706,-0.0993713)(-0.572638,-0.605915)
(0.295762,-0.0686566)(0.31706,0.0993713)(0.34735,0)(0.0841606,-0.0550203)
(-0.240067,0.17891)(-0.572638,0.605915)(0.0841606,0.0550203)(-0.31171,0)

(-0.451644,0)(0.357024,-0.0719304)(-0.17274,0.227659)(0.142499,-0.107027)
(0.357024,0.0719304)(0.38393,0)(-0.000323213,-0.323616)(0.0621201,-0.534123)
(-0.17274,-0.227659)(-0.000323213,0.323616)(0.0714666,0)(-0.0346218,-0.202495)
(0.142499,0.107027)(0.0621201,0.534123)(-0.0346218,0.202495)(-0.00375308,0)

63.0053
