0.5
(0.136389,0)(-0.273809,-0.251303)(-0.0980215,0.171755)(0.0141131,0.0668182)
(-0.273809,0.251303)(0.0782097,0)(0.159478,0.10943)(0.206936,-0.0190511)
(-0.0980215,-0.171755)(0.159478,-0.10943)(-0.378631,0)(0.217624,-0.157314)
(0.0141131,-0.0668182)(0.206936,0.0190511)(0.217624,0.157314)(0.164033,0)

(-0.0160615,0)(0.0313794,0.322676)(-0.150667,-0.0622054)(-0.0215199,0.0673143)
(0.0313794,-0.322676)(-0.0699687,0)(-0.0171266,0.0598377)(0.160337,0.0622254)
(-0.150667,0.0622054)(-0.0171266,-0.0598377)(0.138587,0)(-0.0123308,-0.0352828)
(-0.0215199,-0.0673143)(0.160337,-0.0622254)(-0.0123308,0.0352828)(-0.052557,0)

(-0.0687119,0)(0.203587,0.295072)(-0.00795893,0.0420997)(-0.131178,0.123604)
(0.203587,-0.295072)(0.158003,0)(0.280097,-0.133953)(-0.273098,0.213774)
(-0.00795893,-0.0420997)(0.280097,0.133953)(-0.101493,0)(-0.170753,-0.0794875)
(-0.131178,-0.123604)(-0.273098,-0.213774)(-0.170753,0.0794875)(0.0122012,0)

(-0.253856,0)(-0.0227577,0.150365)(0.0567917,0.0506231)(0.00955217,0.0895917)
(-0.0227577,-0.150365)(0.00525106,0)(-0.0820682,0.172618)(0.0827939,0.243235)
(0.0567917,-0.0506231)(-0.0820682,-0.172618)(0.125138,0)(0.29074,-0.183886)
(0.00955217,-0.0895917)(0.0827939,-0.243235)(0.29074,0.183886)(0.123467,0)

(0.154815,0)(-0.286059,-0.0790976)(-0.0862971,0.139729)(0.0172939,0.0325413)
(-0.286059,0.0790976)(0.0473009,0)(0.0716617,-0.0553882)(-0.0548674,0.0983967)
(-0.0862971,-0.139729)(0.0716617,0.0553882)(-0.452072,0)(-0.0296219,-0.341184)
(0.0172939,-0.0325413)(-0.0548674,-0.0983967)(-0.0296219,0.341184)(0.249956,0)

(-0.0371923,0)(0.262759,0.0789709)(0.0552667,-0.206462)(0.0051703,-0.212022)
(0.262759,-0.0789709)(0.198237,0)(-0.178047,0.0316307)(-0.233642,0.0309239)
(0.0552667,0.206462)(-0.178047,-0.0316307)(-0.00500812,0)(-0.0835631,0.223929)
(0.0051703,0.212022)(-0.233642,-0.0309239)(-0.0835631,-0.223929)(-0.156036,0)

(0.0593411,0)(-0.158279,-0.0356136)(0.416176,-0.110423)(0.027242,0.291427)
(-0.158279,0.0356136)(-0.0675351,0)(-0.0755214,0.0642924)(0.159883,0.078731)
(0.416176,0.110423)(-0.0755214,-0.0642924)(-0.00247886,0)(-0.0886589,-0.136878)
(0.027242,-0.291427)(0.159883,-0.078731)(-0.0886589,0.136878)(0.0106729,0)

(0.231034,0)(-0.0956575,-0.0254489)(-0.277084,-0.234574)(-0.0673113,0.14954)
(-0.0956575,0.0254489)(-0.201267,0)(-0.0755842,-0.233039)(0.000478875,-0.198202)
(-0.277084,0.234574)(-0.0755842,0.233039)(-0.154157,0)(-0.0352486,0.138229)
(-0.0673113,-0.14954)(0.000478875,0.198202)(-0.0352486,-0.138229)(0.12439,0)

(0.0876315,0)(0.320733,0.306557)(0.0715822,0.179085)(-0.163187,0.105612)
(0.320733,-0.306557)(-0.0756323,0)(0.182962,0.085512)(0.0909256,-0.0942939)
(0.0715822,-0.179085)(0.182962,-0.085512)(0.228477,0)(0.11545,0.425696)
(-0.163187,-0.105612)(0.0909256,0.0942939)(0.11545,-0.425696)(-0.240476,0)

(-0.276775,0)(0.445132,-0.153801)(0.346492,-0.137487)(-0.87455,-0.012956)
(0.445132,0.153801)(0.328335,0)(-0.0659923,0.07256)(0.321702,-0.186661)
(0.346492,0.137487)(-0.0659923,-0.07256)(-0.285123,0)(0.344547,-0.125688)
(-0.87455,0.012956)(0.321702,0.186661)(0.344547,0.125688)(0.233562,0)

(-0.229567,0)(-0.142282,0.180468)(0.164448,0.331634)(0.245425,0.159496)
(-0.142282,-0.180468)(-0.4742,0)(-0.367035,0.274896)(-0.227552,0.129793)
(0.164448,-0.331634)(-0.367035,-0.274896)(0.114855,0)(0.046604,0.152261)
(0.245425,-0.159496)(-0.227552,-0.129793)(0.046604,-0.152261)(0.588912,0)

(0.0753037,0)(0.51942,-0.510839)(0.0965561,-0.112127)(0.429013,-0.0279092)
(0.51942,0.510839)(-0.570626,0)(-0.486009,0.0146403)(0.225918,-0.11711)
(0.0965561,0.112127)(-0.486009,-0.0146403)(0.303249,0)(0.170374,-0.530238)
(0.429013,0.0279092)(0.225918,0.11711)(0.170374,0.530238)(0.192074,0)

(0.413771,0)(0.0573648,0.252734)(0.198473,-0.476437)(-0.470306,-0.0350266)
(0.0573648,-0.252734)(0.0206978,0)(0.509049,-0.359522)(0.805915,0.298142)
(0.198473,0.476437)(0.509049,0.359522)(-0.0181899,0)(0.31045,-0.290107)
(-0.470306,0.0350266)(0.805915,-0.298142)(0.31045,0.290107)(-0.416279,0)

(-0.0111679,0)(0.203957,-0.254177)(0.142478,-0.140054)(0.183261,-0.100649)
(0.203957,0.254177)(-0.307637,0)(0.341992,0.22347)(0.285805,0.363375)
(0.142478,0.140054)(0.341992,-0.22347)(0.498363,0)(-0.157735,0.33582)
(0.183261,0.100649)(0.285805,-0.363375)(-0.157735,-0.33582)(-0.179559,0)

(0.468838,0)(0.339515,-0.216878)(-0.211024,-0.154156)(-0.0326462,0.268891)
(0.339515,0.216878)(0.0641555,0)(-0.222337,-0.423085)(0.109627,-0.262517)
(-0.211024,0.154156)(-0.222337,0.423085)(-0.375972,0)(0.0507597,-0.152066)
(-0.0326462,-0.268891)(0.109627,0.262517)(0.0507597,0.152066)(-0.157022,0)

(-0.117992,0)(0.304708,0.125403)(0.156313,-0.304213)(-0.00918949,0.0988112)
(0.304708,-0.125403)(0.437519,0)(0.122625,0.0140177)(0.396654,0.225362)
(0.156313,0.304213)(0.122625,-0.0140177)(-0.299068,0)(0.129266,-0.427066)
(-0.00918949,-0.0988112)(0.396654,-0.225362)(0.129266,0.427066)(-0.0204596,0)

(-0.171301,0)(0.331912,-0.27015)(0.0408478,-0.573765)(0.101367,-0.461799)
(0.331912,0.27015)(0.243064,0)(0.184014,0.341811)(-0.20962,0.0975224)
(0.0408478,0.573765)(0.184014,-0.341811)(-0.0244783,0)(0.248054,-0.0165188)
(0.101367,0.461799)(-0.20962,-0.0975224)(0.248054,0.0165188)(-0.0472844,0)

(-0.408809,0)(-0.316512,-0.363939)(-0.405436,0.0319562)(0.029726,-0.439071)
(-0.316512,0.363939)(0.192764,0)(-0.509564,0.0464034)(0.281202,0.394333)
(-0.405436,-0.0319562)(-0.509564,-0.0464034)(0.136403,0)(-0.0604513,-0.400886)
(0.029726,0.439071)(0.281202,-0.394333)(-0.0604513,0.400886)(0.0796424,0)

63.0053
