0.5
(0.0418419,0)(-0.102266,0.0366536)(-0.0483955,0.204892)(0.0787397,0.10767)
(-0.102266,-0.0366536)(-0.011815,0)(-0.0525027,0.115726)(-0.115081,-0.0637985)
(-0.0483955,-0.204892)(-0.0525027,-0.115726)(-0.251565,0)(0.0237234,0.0320601)
(0.0787397,-0.10767)(-0.115081,0.0637985)(0.0237234,-0.0320601)(0.221539,0)

(-0.270206,0)(0.145825,-0.0875977)(0.348412,0.0340749)(0.189437,0.100549)
(0.145825,0.0875977)(-0.133985,0)(-0.059048,0.157921)(-0.288517,-0.21252)
(0.348412,-0.0340749)(-0.059048,-0.157921)(0.290849,0)(0.285134,-0.268729)
(0.189437,-0.100549)(-0.288517,0.21252)(0.285134,0.268729)(0.113341,0)

(0.00534956,0)(-0.0855685,-0.186528)(-0.121253,-0.161596)(0.419503,-0.0806256)
(-0.0855685,0.186528)(-0.198937,0)(0.0969123,0.284737)(0.0417234,0.212777)
(-0.121253,0.161596)(0.0969123,-0.284737)(0.000837899,0)(-0.0871536,0.0426132)
(0.419503,0.0806256)(0.0417234,-0.212777)(-0.0871536,-0.0426132)(0.19275,0)

(-0.136877,0)(0.0822813,-0.0768261)(0.315499,-0.204408)(-0.176827,-0.103593)
(0.0822813,0.0768261)(-0.0588331,0)(-0.142181,-0.221044)(0.00423526,-0.0407685)
(0.315499,0.204408)(-0.142181,0.221044)(0.15819,0)(0.174802,0.133918)
(-0.176827,0.103593)(0.00423526,0.0407685)(0.174802,-0.133918)(0.0375202,0)

(-0.00465934,0)(0.039985,-0.054937)(0.0592375,-0.0144692)(0.06718,-0.141009)
(0.039985,0.054937)(-0.244944,0)(0.0456126,-0.178332)(0.0934567,0.328833)
(0.0592375,0.0144692)(0.0456126,0.178332)(0.173029,0)(0.117727,-0.203639)
(0.06718,0.141009)(0.0934567,-0.328833)(0.117727,0.203639)(0.0765737,0)

(-0.329689,0)(-0.0108035,-0.100156)(0.104208,0.169039)(0.0385921,0.120774)
(-0.0108035,0.100156)(-0.0833384,0)(0.102457,0.00591065)(-0.0871255,0.0918336)
(0.104208,-0.169039)(0.102457,-0.00591065)(0.125406,0)(-0.234034,-0.0118957)
(0.0385921,-0.120774)(-0.0871255,-0.0918336)(-0.234034,0.0118957)(0.287622,0)

(0.117729,0)(-0.225802,-0.123466)(-0.087848,-0.105174)(0.223289,0.138644)
(-0.225802,0.123466)(-0.141754,0)(0.0168192,0.0877289)(0.239173,0.0902199)
(-0.087848,0.105174)(0.0168192,-0.0877289)(-0.227008,0)(-0.0817456,-0.358769)
(0.223289,-0.138644)(0.239173,-0.0902199)(-0.0817456,0.358769)(0.251033,0)

(0.472918,0)(0.0447449,-0.0780258)(-0.17664,0.0107995)(-0.043436,-0.0512353)
(0.0447449,0.0780258)(0.131925,0)(-0.176371,0.0949612)(0.10867,-0.030967)
(-0.17664,-0.0107995)(-0.176371,-0.0949612)(-0.28459,0)(0.258585,0.0740606)
(-0.043436,0.0512353)(0.10867,0.030967)(0.258585,-0.0740606)(-0.320253,0)

(0.0708009,0)(0.0744958,0.193199)(0.14888,-0.058406)(-0.0543115,0.0903054)
(0.0744958,-0.193199)(-0.140488,0)(0.145757,0.421443)(-0.124345,-0.374335)
(0.14888,0.058406)(0.145757,-0.421443)(0.134221,0)(0.0882598,-0.102761)
(-0.0543115,-0.0903054)(-0.124345,0.374335)(0.0882598,0.102761)(-0.0645339,0)

(-0.384805,0)(0.011291,-0.54805)(-0.00601193,-0.0221391)(-0.0125272,-0.357748)
(0.011291,0.54805)(0.0759796,0)(0.270129,0.165114)(0.664964,-0.141575)
(-0.00601193,0.0221391)(0.270129,-0.165114)(0.189552,0)(0.536721,-0.0520299)
(-0.0125272,0.357748)(0.664964,0.141575)(0.536721,0.0520299)(0.119273,0)

(-0.0906992,0)(0.22685,-0.143964)(-0.119629,-0.021715)(0.270475,0.538271)
(0.22685,0.143964)(-0.0339728,0)(-0.0907107,0.0111138)(-0.198915,0.00695347)
(-0.119629,0.021715)(-0.0907107,-0.0111138)(-0.0376022,0)(0.0793022,0.0486534)
(0.270475,-0.538271)(-0.198915,-0.00695347)(0.0793022,-0.0486534)(0.162274,0)

(-0.407183,0)(-0.352474,-0.0441955)(-0.145688,0.681888)(0.158113,0.269297)
(-0.352474,0.0441955)(0.539387,0)(0.363837,-0.0471983)(-0.0201716,-0.495074)
(-0.145688,-0.681888)(0.363837,0.0471983)(0.248387,0)(0.12176,0.131071)
(0.158113,-0.269297)(-0.0201716,0.495074)(0.12176,-0.131071)(-0.380592,0)

(0.534458,0)(0.0455913,-0.219833)(-0.220766,0.242934)(-0.324793,0.367658)
(0.0455913,0.219833)(-0.0759873,0)(0.221102,-0.0827566)(-0.34524,-0.422535)
(-0.220766,-0.242934)(0.221102,0.0827566)(-0.396327,0)(-0.338923,-0.218545)
(-0.324793,-0.367658)(-0.34524,0.422535)(-0.338923,0.218545)(-0.062144,0)

(0.26011,0)(0.234412,0.506228)(-0.13662,0.567023)(-0.212882,0.628688)
(0.234412,-0.506228)(-0.354028,0)(-0.0874139,0.173577)(0.45183,-0.19464)
(-0.13662,-0.567023)(-0.0874139,-0.173577)(0.0103322,0)(-0.0396667,-0.094094)
(-0.212882,-0.628688)(0.45183,0.19464)(-0.0396667,0.094094)(0.0835857,0)

(-0.0962342,0)(0.0265221,-0.314769)(0.183101,-0.0739571)(-0.0443534,-0.24169)
(0.0265221,0.314769)(-0.231874,0)(-0.0688027,0.134846)(0.0118044,-0.136711)
(0.183101,0.0739571)(-0.0688027,-0.134846)(0.209041,0)(-0.444692,-0.179826)
(-0.0443534,0.24169)(0.0118044,0.136711)(-0.444692,0.179826)(0.119067,0)

(0.273091,0)(0.0613319,-0.142023)(0.127699,0.347137)(-0.557364,-0.0889713)
(0.0613319,0.142023)(-0.588398,0)(-0.354458,0.193848)(-0.0300096,0.0474137)
(0.127699,-0.347137)(-0.354458,-0.193848)(-0.191625,0)(-0.0712374,-0.254032)
(-0.557364,0.0889713)(-0.0300096,-0.0474137)(-0.0712374,0.254032)(0.506931,0)

(0.306196,0)(0.0699158,0.141941)(0.135303,0.104084)(-0.245475,0.112362)
(0.0699158,-0.141941)(-0.0703635,0)(-0.134148,0.279793)(0.262243,0.326175)
(0.135303,-0.104084)(-0.134148,-0.279793)(-0.493192,0)(0.644131,0.120119)
(-0.245475,-0.112362)(0.262243,-0.326175)(0.644131,-0.120119)(0.257359,0)

(-0.0864108,0)(0.258831,-0.602107)(-0.382562,0.114176)(0.0230814,-0.558666)
(0.258831,0.602107)(-0.552804,0)(-0.566172,-0.382183)(-0.0671611,-0.0126631)
(-0.382562,-0.114176)(-0.566172,0.382183)(0.0454219,0)(-0.0443562,-0.121765)
(0.0230814,0.558666)(-0.0671611,0.0126631)(-0.0443562,0.121765)(0.593793,0)

63.0053
