0.5
(-0.0233701,0)(0.0518604,-0.00122675)(0.00800075,0.130091)(-0.0659342,0.176462)
(0.0518604,0.00122675)(0.126788,0)(-0.168263,0.0802357)(0.125187,0.0237525)
(0.00800075,-0.130091)(-0.168263,-0.0802357)(-0.0631454,0)(-0.270455,-0.0601844)
(-0.0659342,-0.176462)(0.125187,-0.0237525)(-0.270455,0.0601844)(-0.0402722,0)

(0.125751,0)(-0.411821,-0.0682377)(0.132461,0.265759)(-0.255938,0.203794)
(-0.411821,0.0682377)(-0.475708,0)(-0.282006,-0.0524711)(-0.345844,-0.212731)
(0.132461,-0.265759)(-0.282006,0.0524711)(0.432364,0)(0.0451815,0.275909)
(-0.255938,-0.203794)(-0.345844,0.212731)(0.0451815,-0.275909)(-0.0824065,0)

(0.197832,0)(-0.0989269,-0.045292)(0.360652,0.0375957)(-0.217975,-0.297134)
(-0.0989269,0.045292)(-0.294482,0)(-0.0374621,-0.188277)(-0.0400873,-0.136975)
(0.360652,-0.0375957)(-0.0374621,0.188277)(0.182811,0)(-0.126392,0.169349)
(-0.217975,0.297134)(-0.0400873,0.136975)(-0.126392,-0.169349)(-0.0861616,0)

(-0.160807,0)(0.176844,-0.171509)(-0.475171,-0.0065996)(0.0386557,0.109905)
(0.176844,0.171509)(0.25168,0)(0.102801,0.0899679)(-0.245869,0.152932)
(-0.475171,0.0065996)(0.102801,-0.0899679)(-0.178878,0)(-0.094513,-0.257138)
(0.0386557,-0.109905)(-0.245869,-0.152932)(-0.094513,0.257138)(0.088005,0)

(0.114391,0)(-0.0571689,-0.171137)(-0.0643343,0.00154147)(-0.0863294,0.084128)
(-0.0571689,0.171137)(0.15459,0)(0.00814901,-0.248341)(-0.0680025,-0.0800701)
(-0.0643343,-0.00154147)(0.00814901,0.248341)(-0.143058,0)(0.13326,-0.162072)
(-0.0863294,-0.084128)(-0.0680025,0.0800701)(0.13326,0.162072)(-0.125923,0)

(0.270078,0)(-0.124342,-0.117216)(-0.291918,-0.114098)(-0.218183,0.178161)
(-0.124342,0.117216)(0.127527,0)(0.0928604,0.0945181)(-0.0123505,0.0813403)
(-0.291918,0.114098)(0.0928604,-0.0945181)(-0.422145,0)(0.128117,-0.0727074)
(-0.218183,-0.178161)(-0.0123505,-0.0813403)(0.128117,0.0727074)(0.0245403,0)

(0.039092,0)(0.226646,0.0632451)(0.149269,0.176349)(-0.00113569,-0.0965266)
(0.226646,-0.0632451)(-0.206132,0)(0.0508213,-0.0399539)(0.0437941,-0.044794)
(0.149269,-0.176349)(0.0508213,0.0399539)(-0.0732815,0)(-0.059422,-0.217607)
(-0.00113569,0.0965266)(0.0437941,0.044794)(-0.059422,0.217607)(0.240322,0)

(0.519357,0)(0.420956,0.0274365)(0.0849663,0.0179534)(-0.260663,0.274655)
(0.420956,-0.0274365)(-0.134764,0)(-0.355884,-0.144396)(0.156132,0.0025668)
(0.0849663,-0.0179534)(-0.355884,0.144396)(-0.080714,0)(0.177223,-0.000399151)
(-0.260663,-0.274655)(0.156132,-0.0025668)(0.177223,0.000399151)(-0.303879,0)

(0.229026,0)(-0.270108,0.08495)(0.247515,0.032098)(-0.0700717,-0.0110142)
(-0.270108,-0.08495)(-0.0855151,0)(-0.232747,-0.112645)(0.129404,0.0605008)
(0.247515,-0.032098)(-0.232747,0.112645)(-0.243893,0)(-0.259141,0.115673)
(-0.0700717,0.0110142)(0.129404,-0.0605008)(-0.259141,-0.115673)(0.100382,0)

(-0.437076,0)(-0.161005,-0.27376)(0.289824,-0.372209)(-0.0978978,0.253881)
(-0.161005,0.27376)(0.599323,0)(0.0815169,0.286104)(0.100454,-0.244292)
(0.289824,0.372209)(0.0815169,-0.286104)(0.190391,0)(-0.338464,-0.187493)
(-0.0978978,-0.253881)(0.100454,0.244292)(-0.338464,0.187493)(-0.352637,0)

(-0.327878,0)(-0.142746,0.170827)(-0.241587,-0.150113)(0.324478,0.0795885)
(-0.142746,-0.170827)(-0.307051,0)(-0.113189,-0.108741)(-0.291313,-0.359745)
(-0.241587,0.150113)(-0.113189,0.108741)(0.307994,0)(-0.00838539,0.00161306)
(0.324478,-0.0795885)(-0.291313,0.359745)(-0.00838539,-0.00161306)(0.326935,0)

(-0.193998,0)(-0.0283512,0.54765)(-0.280799,0.181583)(-0.223719,-0.227189)
(-0.0283512,-0.54765)(0.750467,0)(-0.135083,-0.216979)(-0.203581,-0.600831)
(-0.280799,-0.181583)(-0.135083,0.216979)(-0.46033,0)(0.313646,-0.140859)
(-0.223719,0.227189)(-0.203581,0.600831)(0.313646,0.140859)(-0.0961388,0)

(0.176098,0)(-0.034391,0.226725)(0.110672,-0.0950533)(0.163333,-0.117332)
(-0.034391,-0.226725)(-0.0719207,0)(-0.100259,0.239255)(-0.210604,-0.134826)
(0.110672,0.0950533)(-0.100259,-0.239255)(0.0428369,0)(-0.285883,-0.0635377)
(0.163333,0.117332)(-0.210604,0.134826)(-0.285883,0.0635377)(-0.147014,0)

(0.308005,0)(-0.330057,-0.325986)(0.214205,-0.014082)(-0.258882,-0.501329)
(-0.330057,0.325986)(0.13578,0)(-0.223029,0.298021)(0.249662,0.103309)
(0.214205,0.014082)(-0.223029,-0.298021)(0.0176229,0)(0.0991356,-0.504009)
(-0.258882,0.501329)(0.249662,-0.103309)(0.0991356,0.504009)(-0.461408,0)

(-0.0383418,0)(0.0121786,-0.373634)(0.153452,0.36878)(0.172873,-0.387065)
(0.0121786,0.373634)(0.526019,0)(0.022021,0.00280759)(0.294947,-0.179217)
(0.153452,-0.36878)(0.022021,-0.00280759)(0.0151597,0)(0.172979,0.023668)
(0.172873,0.387065)(0.294947,0.179217)(0.172979,-0.023668)(-0.502837,0)

(-0.266542,0)(-0.115828,0.0801622)(-0.206499,-0.642333)(0.282236,-0.292918)
(-0.115828,-0.0801622)(0.695244,0)(-0.424523,-0.250898)(-0.441809,-0.148477)
(-0.206499,0.642333)(-0.424523,0.250898)(-0.408135,0)(-0.0065781,0.737561)
(0.282236,0.292918)(-0.441809,0.148477)(-0.0065781,-0.737561)(-0.0205672,0)

(-0.0438209,0)(0.162298,0.0337073)(0.0736913,-0.863524)(0.0111276,-0.183521)
(0.162298,-0.0337073)(0.182027,0)(-0.145871,-0.101873)(0.0320171,0.18996)
(0.0736913,0.863524)(-0.145871,0.101873)(0.425735,0)(0.316639,-0.0334302)
(0.0111276,0.183521)(0.0320171,-0.18996)(0.316639,0.0334302)(-0.563941,0)

(-0.407047,0)(0.00349364,-0.381634)(0.139845,0.0524237)(0.270693,0.161148)
(0.00349364,0.381634)(0.0712438,0)(0.0934119,-0.201976)(0.0647493,-0.184488)
(0.139845,-0.0524237)(0.0934119,0.201976)(-0.0501563,0)(0.0951731,-0.202887)
(0.270693,-0.161148)(0.0647493,0.184488)(0.0951731,0.202887)(0.38596,0)

63.0053
