0.5
(-0.0953295,0)(0.135037,0.293793)(0.162217,-0.135279)(-0.288153,0.0605134)
(0.135037,-0.293793)(-0.0180489,0)(0.0291094,0.0405266)(-0.0574158,-0.0691559)
(0.162217,0.135279)(0.0291094,-0.0405266)(-0.152739,0)(-0.331241,-0.0265121)
(-0.288153,-0.0605134)(-0.0574158,0.0691559)(-0.331241,0.0265121)(0.266118,0)

(0.0329241,0)(-0.0291025,-0.0897707)(0.0716213,0.303809)(0.142565,-0.507291)
(-0.0291025,0.0897707)(-0.00490071,0)(-0.221161,-0.114029)(-0.0921527,-0.0626004)
(0.0716213,-0.303809)(-0.221161,0.114029)(-0.045647,0)(-0.126984,-0.134006)
(0.142565,0.507291)(-0.0921527,0.0626004)(-0.126984,0.134006)(0.0176236,0)

(0.00862363,0)(-0.0433552,0.0474056)(0.0843068,-0.0886407)(0.0842079,0.102599)
(-0.0433552,-0.0474056)(-0.000984435,0)(-0.0699629,0.268329)(-0.0740247,-0.0355157)
(0.0843068,0.0886407)(-0.0699629,-0.268329)(-0.050076,0)(-0.121458,-0.26144)
(0.0842079,-0.102599)(-0.0740247,0.0355157)(-0.121458,0.26144)(0.0424368,0)

(0.0669002,0)(0.0009348,0.0303153)(-0.0961092,0.0918442)(0.0770127,-0.455825)
(0.0009348,-0.0303153)(0.000227569,0)(0.0593711,0.0299095)(-0.0577587,-0.0280886)
(-0.0961092,-0.0918442)(0.0593711,-0.0299095)(0.0373645,0)(-0.256897,0.0853459)
(0.0770127,0.455825)(-0.0577587,0.0280886)(-0.256897,-0.0853459)(-0.104492,0)

(-0.104831,0)(-0.00364277,0.0221503)(-0.0827354,-0.0112503)(0.170314,-0.498237)
(-0.00364277,-0.0221503)(-0.0575358,0)(-0.189569,-0.150523)(-0.036736,-0.143784)
(-0.0827354,0.0112503)(-0.189569,0.150523)(0.197024,0)(-0.140627,0.0716246)
(0.170314,0.498237)(-0.036736,0.143784)(-0.140627,-0.0716246)(-0.0346569,0)

(-0.227747,0)(0.0782997,0.0492306)(0.0299408,0.187783)(-0.0240076,0.209225)
(0.0782997,-0.0492306)(0.10433,0)(0.146513,0.129405)(-0.304583,0.154407)
(0.0299408,-0.187783)(0.146513,-0.129405)(0.13323,0)(0.0594949,-0.0603043)
(-0.0240076,-0.209225)(-0.304583,-0.154407)(0.0594949,0.0603043)(-0.00981397,0)

(0.0534908,0)(-0.052671,0.311973)(-0.0139267,0.023578)(-0.0465941,0.0303069)
(-0.052671,-0.311973)(-0.0171113,0)(0.145329,-0.022938)(-0.0249571,-0.130946)
(-0.0139267,-0.023578)(0.145329,0.022938)(0.0454741,0)(0.0407575,-0.195835)
(-0.0465941,-0.0303069)(-0.0249571,0.130946)(0.0407575,0.195835)(-0.0818537,0)

(-0.434979,0)(0.0125922,0.198664)(0.00818626,-0.0308949)(0.295853,0.0314749)
(0.0125922,-0.198664)(0.192926,0)(-0.172275,0.326939)(-0.000668045,0.0491894)
(0.00818626,0.0308949)(-0.172275,-0.326939)(0.372159,0)(0.050455,0.186021)
(0.295853,-0.0314749)(-0.000668045,-0.0491894)(0.050455,-0.186021)(-0.130106,0)

(0.13994,0)(0.174415,0.149324)(0.236308,-0.137836)(0.405064,0.0306888)
(0.174415,-0.149324)(0.0179422,0)(0.283302,0.069573)(0.123638,0.000499468)
(0.236308,0.137836)(0.283302,-0.069573)(-0.143801,0)(0.135932,0.0735514)
(0.405064,-0.0306888)(0.123638,-0.000499468)(0.135932,-0.0735514)(-0.0140804,0)

(0.285452,0)(0.051966,0.116083)(-0.122722,0.206387)(0.167116,-0.0184599)
(0.051966,-0.116083)(-0.602875,0)(0.492827,0.287953)(0.0604282,-0.068078)
(-0.122722,-0.206387)(0.492827,-0.287953)(-0.0839279,0)(-0.44125,-0.0595534)
(0.167116,0.0184599)(0.0604282,0.068078)(-0.44125,0.0595534)(0.401351,0)

(0.698766,0)(-0.00809168,0.10199)(0.169297,0.143509)(-0.288787,0.0238859)
(-0.00809168,-0.10199)(-0.531528,0)(-0.441359,-0.157776)(-0.164275,0.563531)
(0.169297,-0.143509)(-0.441359,0.157776)(-0.208101,0)(0.210737,-0.447309)
(-0.288787,-0.0238859)(-0.164275,-0.563531)(0.210737,0.447309)(0.0408635,0)

(-0.0159756,0)(0.315201,0.249189)(0.0624655,0.490941)(-0.0935687,0.0109449)
(0.315201,-0.249189)(0.079254,0)(0.417281,-0.0698034)(-0.433573,0.317716)
(0.0624655,-0.490941)(0.417281,0.0698034)(-0.0714064,0)(0.00742174,-0.201695)
(-0.0935687,-0.0109449)(-0.433573,-0.317716)(0.00742174,0.201695)(0.00812803,0)

(-0.418323,0)(0.361586,-0.710044)(0.0308031,-0.610799)(-0.309459,0.116397)
(0.361586,0.710044)(0.0846656,0)(0.115871,-0.0653899)(-0.45729,-0.928179)
(0.0308031,0.610799)(0.115871,0.0653899)(0.063902,0)(-0.0631244,-0.0296341)
(-0.309459,-0.116397)(-0.45729,0.928179)(-0.0631244,0.0296341)(0.269755,0)

(0.241035,0)(0.0994899,-0.212957)(-0.44213,0.197561)(0.0863177,0.344258)
(0.0994899,0.212957)(-0.145808,0)(0.0893324,-0.133446)(0.277815,-0.0032434)
(-0.44213,-0.197561)(0.0893324,0.133446)(-0.124824,0)(-0.430064,0.451933)
(0.0863177,-0.344258)(0.277815,0.0032434)(-0.430064,-0.451933)(0.0295966,0)

(-0.0139835,0)(0.18679,-0.320754)(-0.231551,-0.0651525)(0.132647,0.189588)
(0.18679,0.320754)(0.19001,0)(-0.268046,0.64037)(0.187753,-0.166066)
(-0.231551,0.0651525)(-0.268046,-0.64037)(-0.088239,0)(-0.35778,-0.622415)
(0.132647,-0.189588)(0.187753,0.166066)(-0.35778,0.622415)(-0.0877879,0)

(0.3402,0)(0.128397,0.119886)(0.505818,-0.250779)(-0.0657887,-0.0336681)
(0.128397,-0.119886)(0.466866,0)(-0.315488,0.0111157)(0.139004,0.564674)
(0.505818,0.250779)(-0.315488,-0.0111157)(-0.389599,0)(0.00163698,-0.352259)
(-0.0657887,0.0336681)(0.139004,-0.564674)(0.00163698,0.352259)(-0.417467,0)

(-0.0790039,0)(-0.170257,-0.106983)(-0.147914,-0.314718)(-0.020735,0.33081)
(-0.170257,0.106983)(-0.433208,0)(0.0941362,-0.131346)(-0.382787,-0.0345159)
(-0.147914,0.314718)(0.0941362,0.131346)(0.405019,0)(0.355332,0.358258)
(-0.020735,-0.33081)(-0.382787,0.0345159)(0.355332,-0.358258)(0.107193,0)

(0.0231981,0)(-0.357768,0.486258)(-0.367867,-0.281703)(-0.159907,0.195795)
(-0.357768,-0.486258)(-0.325742,0)(-0.295231,-0.135715)(0.0681461,0.174078)
(-0.367867,0.281703)(-0.295231,0.135715)(-0.0939257,0)(0.0282629,-0.125164)
(-0.159907,-0.195795)(0.0681461,-0.174078)(0.0282629,0.125164)(0.396469,0)

63.0053
