0.5
(0.0165816,0)(0.141797,-0.127308)(-0.0422787,0.112294)(-0.0978164,0.204788)
(0.141797,0.127308)(0.201325,0)(0.233342,-0.14546)(0.117049,-3.55682e-005)
(-0.0422787,-0.112294)(0.233342,0.14546)(-0.151759,0)(0.285251,0.0224805)
(-0.0978164,-0.204788)(0.117049,3.55682e-005)(0.285251,-0.0224805)(-0.0661483,0)

(-0.0696012,0)(0.051706,-0.0953108)(-0.103427,0.086385)(0.104106,0.0466945)
(0.051706,0.0953108)(0.134407,0)(-0.253708,-0.033482)(-0.135252,-0.0980422)
(-0.103427,-0.086385)(-0.253708,0.033482)(-0.0978253,0)(-0.163244,0.00558783)
(0.104106,-0.0466945)(-0.135252,0.0980422)(-0.163244,-0.00558783)(0.0330195,0)

(0.107272,0)(-0.034652,0.149404)(-0.0914075,0.0755479)(-0.0105968,-0.206277)
(-0.034652,-0.149404)(0.0445851,0)(0.111572,-0.195869)(0.088271,0.2859)
(-0.0914075,-0.0755479)(0.111572,0.195869)(-0.0451098,0)(-0.0361905,0.196608)
(-0.0105968,0.206277)(0.088271,-0.2859)(-0.0361905,-0.196608)(-0.106747,0)

(-0.237548,0)(0.219653,-0.124983)(-0.13258,-0.0380861)(-0.278672,-0.0204597)
(0.219653,0.124983)(-0.0834249,0)(-0.125771,-0.0528121)(0.0856728,-0.215337)
(-0.13258,0.0380861)(-0.125771,0.0528121)(-0.059783,0)(-0.0892025,-0.0794538)
(-0.278672,0.0204597)(0.0856728,0.215337)(-0.0892025,0.0794538)(0.380756,0)

(0.393369,0)(-0.165926,-0.15417)(-0.0265929,0.244006)(0.0037345,0.107588)
(-0.165926,0.15417)(0.207388,0)(0.0840109,0.160964)(-0.0355143,0.175579)
(-0.0265929,-0.244006)(0.0840109,-0.160964)(-0.472623,0)(0.0250531,-0.0216103)
(0.0037345,-0.107588)(-0.0355143,-0.175579)(0.0250531,0.0216103)(-0.128134,0)

(0.239406,0)(-0.0969672,0.493307)(-0.0829497,-0.0889398)(-0.0288602,-0.0834974)
(-0.0969672,-0.493307)(-0.0861622,0)(0.0317827,-0.136726)(-0.0269621,-0.211039)
(-0.0829497,0.0889398)(0.0317827,0.136726)(0.161471,0)(-0.174881,-0.0662207)
(-0.0288602,0.0834974)(-0.0269621,0.211039)(-0.174881,0.0662207)(-0.314716,0)

(-0.0888214,0)(0.0122661,0.126744)(0.130618,0.0523702)(-0.1226,0.0274076)
(0.0122661,-0.126744)(0.413352,0)(-0.25471,-0.126839)(-0.079715,0.189622)
(0.130618,-0.0523702)(-0.25471,0.126839)(0.132905,0)(0.041919,0.0954481)
(-0.1226,-0.0274076)(-0.079715,-0.189622)(0.041919,-0.0954481)(-0.457435,0)

(-0.205089,0)(0.145686,-0.237533)(0.0407536,0.117083)(0.112979,0.126087)
(0.145686,0.237533)(0.013516,0)(0.147958,-0.068512)(-0.108872,-0.0913706)
(0.0407536,-0.117083)(0.147958,0.068512)(0.00171233,0)(0.102338,-0.0911374)
(0.112979,-0.126087)(-0.108872,0.0913706)(0.102338,0.0911374)(0.189861,0)

(0.0839976,0)(0.0919003,0.0419111)(-0.10598,0.125559)(-0.0135838,0.406751)
(0.0919003,-0.0419111)(-0.0602078,0)(-0.257567,-0.0553698)(0.00783883,-0.260866)
(-0.10598,-0.125559)(-0.257567,0.0553698)(-0.205836,0)(0.104429,0.0433118)
(-0.0135838,-0.406751)(0.00783883,0.260866)(0.104429,-0.0433118)(0.182046,0)

(-0.120093,0)(0.297545,-0.186992)(0.351843,-0.100379)(-0.186222,0.345183)
(0.297545,0.186992)(-0.032876,0)(0.345492,-0.0283166)(0.300276,-0.273478)
(0.351843,0.100379)(0.345492,0.0283166)(0.638345,0)(0.0615464,0.11813)
(-0.186222,-0.345183)(0.300276,0.273478)(0.0615464,-0.11813)(-0.485377,0)

(0.280091,0)(-0.155345,-0.490494)(0.165262,-0.0444211)(0.111743,-0.539885)
(-0.155345,0.490494)(0.0357312,0)(-0.14442,0.299696)(-0.163562,-0.487211)
(0.165262,0.0444211)(-0.14442,-0.299696)(-0.0312684,0)(0.00776292,0.323459)
(0.111743,0.539885)(-0.163562,0.487211)(0.00776292,-0.323459)(-0.284554,0)

(0.219305,0)(-0.22127,-0.0625541)(0.44135,-0.333307)(-0.205471,-0.313433)
(-0.22127,0.0625541)(-0.296387,0)(-0.0351431,0.0639427)(0.0625255,-0.264468)
(0.44135,0.333307)(-0.0351431,-0.0639427)(-0.312864,0)(0.0748442,0.00485745)
(-0.205471,0.313433)(0.0625255,0.264468)(0.0748442,-0.00485745)(0.389946,0)

(0.299876,0)(-0.205672,-0.194701)(0.282061,-0.198783)(0.270565,0.228175)
(-0.205672,0.194701)(0.154213,0)(-0.263904,0.0283629)(0.132707,0.665517)
(0.282061,0.198783)(-0.263904,-0.0283629)(-0.240819,0)(0.160488,0.0938007)
(0.270565,-0.228175)(0.132707,-0.665517)(0.160488,-0.0938007)(-0.21327,0)

(-0.285361,0)(-0.0186638,0.358901)(-0.212481,-0.0942877)(-0.187506,-0.3873)
(-0.0186638,-0.358901)(0.229028,0)(-0.35799,0.398252)(0.230625,-0.149679)
(-0.212481,0.0942877)(-0.35799,-0.398252)(-0.465201,0)(-0.0302403,-0.208555)
(-0.187506,0.3873)(0.230625,0.149679)(-0.0302403,0.208555)(0.521534,0)

(-0.170568,0)(-0.281502,0.225584)(-0.276452,0.162186)(0.617017,0.338074)
(-0.281502,-0.225584)(0.0456075,0)(0.428403,0.20778)(0.546925,0.0705073)
(-0.276452,-0.162186)(0.428403,-0.20778)(0.396191,0)(-0.279735,-0.451576)
(0.617017,-0.338074)(0.546925,-0.0705073)(-0.279735,0.451576)(-0.27123,0)

(0.344243,0)(0.172716,-0.287521)(0.19436,-0.751252)(0.293934,-0.285388)
(0.172716,0.287521)(-0.307918,0)(-0.173957,-0.518081)(0.136762,0.0517604)
(0.19436,0.751252)(-0.173957,0.518081)(-0.761299,0)(0.503186,-1.01017)
(0.293934,0.285388)(0.136762,-0.0517604)(0.503186,1.01017)(0.724974,0)

(-0.230248,0)(0.466306,0.148099)(-0.0151099,-0.153061)(0.143826,0.299432)
(0.466306,-0.148099)(0.11994,0)(0.0922266,0.0299344)(-0.286092,0.11503)
(-0.0151099,0.153061)(0.0922266,-0.0299344)(0.460984,0)(0.255061,-0.0400103)
(0.143826,-0.299432)(-0.286092,-0.11503)(0.255061,0.0400103)(-0.350675,0)

(-0.315742,0)(0.167198,0.119384)(-0.0512713,0.222742)(-0.178035,0.0304004)
(0.167198,-0.119384)(-0.00336208,0)(0.271398,0.707548)(-0.0987953,0.268886)
(-0.0512713,-0.222742)(0.271398,-0.707548)(0.454183,0)(0.0877225,-0.169044)
(-0.178035,-0.0304004)(-0.0987953,-0.268886)(0.0877225,0.169044)(-0.135079,0)

63.0053
