0.5
(0.228377,0)(0.0235545,0.0244814)(0.398794,0.128565)(-0.077817,-0.0495523)
(0.0235545,-0.0244814)(-0.0729079,0)(0.157208,0.0827584)(-0.20608,0.107969)
(0.398794,-0.128565)(0.157208,-0.0827584)(-0.250454,0)(0.160206,0.346002)
(-0.077817,0.0495523)(-0.20608,-0.107969)(0.160206,-0.346002)(0.0949852,0)

(0.13609,0)(-0.112082,0.242928)(0.141326,0.302401)(-0.251957,-0.0727985)
(-0.112082,-0.242928)(-0.0985093,0)(0.0766033,0.135266)(-0.276184,0.201503)
(0.141326,-0.302401)(0.0766033,-0.135266)(-0.0317501,0)(0.0368912,-0.250266)
(-0.251957,0.0727985)(-0.276184,-0.201503)(0.0368912,0.250266)(-0.00583045,0)

(-0.0348035,0)(-0.132065,-0.0476388)(-0.0481944,0.103543)(0.437673,0.330876)
(-0.132065,0.0476388)(-0.153679,0)(0.143073,3.13967e-005)(0.272944,-0.220669)
(-0.0481944,-0.103543)(0.143073,-3.13967e-005)(0.106056,0)(0.0106923,-0.154441)
(0.437673,-0.330876)(0.272944,0.220669)(0.0106923,0.154441)(0.0824263,0)

(0.024676,0)(-0.0468535,0.0357265)(-0.0181518,0.253355)(-0.042215,0.14031)
(-0.0468535,-0.0357265)(-0.196128,0)(0.153955,0.0960439)(-0.0465478,-0.0903433)
(-0.0181518,-0.253355)(0.153955,-0.0960439)(0.225336,0)(0.260482,0.0778756)
(-0.042215,-0.14031)(-0.0465478,0.0903433)(0.260482,-0.0778756)(-0.0538841,0)

(-0.00174998,0)(0.178497,-0.00359854)(-0.0447858,-0.00141186)(0.0258802,-0.0356106)
(0.178497,0.00359854)(-0.324481,0)(0.0323829,-0.0097534)(0.275116,-0.0451522)
(-0.0447858,0.00141186)(0.0323829,0.0097534)(0.19215,0)(0.0745945,0.0209721)
(0.0258802,0.0356106)(0.275116,0.0451522)(0.0745945,-0.0209721)(0.134081,0)

(-0.19068,0)(0.209645,-0.121363)(-0.1734,0.0918136)(-0.0499868,0.0925397)
(0.209645,0.121363)(0.341926,0)(-0.213681,0.206944)(0.0990032,-0.200262)
(-0.1734,-0.0918136)(-0.213681,-0.206944)(-0.0231983,0)(-0.177535,0.152908)
(-0.0499868,-0.0925397)(0.0990032,0.200262)(-0.177535,-0.152908)(-0.128048,0)

(0.116069,0)(0.230559,-0.156219)(-0.0685809,-0.0201712)(0.0601522,0.0222781)
(0.230559,0.156219)(-0.390811,0)(0.206724,-0.0256128)(0.216525,-0.223423)
(-0.0685809,0.0201712)(0.206724,0.0256128)(0.0566146,0)(0.152333,-0.0745655)
(0.0601522,-0.0222781)(0.216525,0.223423)(0.152333,0.0745655)(0.218127,0)

(-0.165246,0)(0.144022,-0.278602)(0.0409102,-0.111756)(-0.139595,0.0653201)
(0.144022,0.278602)(0.0529373,0)(-0.112627,0.114702)(0.203878,-0.100412)
(0.0409102,0.111756)(-0.112627,-0.114702)(0.00393508,0)(0.0842611,0.204041)
(-0.139595,-0.0653201)(0.203878,0.100412)(0.0842611,-0.204041)(0.108373,0)

(0.262999,0)(0.367726,-0.128221)(-0.128068,-0.142944)(-0.018043,-0.234515)
(0.367726,0.128221)(-0.236202,0)(0.0457072,-0.14037)(0.0975477,-0.03792)
(-0.128068,0.142944)(0.0457072,0.14037)(-0.143062,0)(0.189618,-0.134097)
(-0.018043,0.234515)(0.0975477,0.03792)(0.189618,0.134097)(0.116265,0)

(-0.258636,0)(0.107085,-0.429285)(0.678548,0.240268)(-0.194669,0.598331)
(0.107085,0.429285)(-0.086475,0)(0.182836,0.139794)(-0.166228,-0.09379)
(0.678548,-0.240268)(0.182836,-0.139794)(0.261621,0)(-0.0107453,0.0446426)
(-0.194669,-0.598331)(-0.166228,0.09379)(-0.0107453,-0.0446426)(0.0834897,0)

(0.783724,0)(-0.0511909,-0.259589)(0.178433,-0.106674)(0.145236,0.186012)
(-0.0511909,0.259589)(0.175417,0)(-0.456541,0.454002)(0.275877,0.00500897)
(0.178433,0.106674)(-0.456541,-0.454002)(-0.541133,0)(0.0705512,0.0208461)
(0.145236,-0.186012)(0.275877,-0.00500897)(0.0705512,-0.0208461)(-0.418007,0)

(0.362596,0)(0.0584699,-0.433615)(0.13158,-0.568169)(-0.167417,0.0785367)
(0.0584699,0.433615)(-0.254956,0)(-0.0380552,0.162185)(-0.482915,0.24267)
(0.13158,0.568169)(-0.0380552,-0.162185)(0.0786182,0)(0.270705,-0.155102)
(-0.167417,-0.0785367)(-0.482915,-0.24267)(0.270705,0.155102)(-0.186258,0)

(-0.214288,0)(0.0157053,0.0457565)(0.344282,-0.43017)(0.335727,0.0579382)
(0.0157053,-0.0457565)(-0.0519788,0)(-0.21667,0.242721)(-0.474852,-0.140866)
(0.344282,0.43017)(-0.21667,-0.242721)(0.297233,0)(0.472928,0.21298)
(0.335727,-0.0579382)(-0.474852,0.140866)(0.472928,-0.21298)(-0.030966,0)

(0.173922,0)(-0.128129,-0.133819)(-0.0770988,0.143151)(-0.0128665,-0.137573)
(-0.128129,0.133819)(-0.0417231,0)(0.142754,-0.479396)(0.0651593,0.315407)
(-0.0770988,-0.143151)(0.142754,0.479396)(0.40274,0)(-0.456729,0.308733)
(-0.0128665,0.137573)(0.0651593,-0.315407)(-0.456729,-0.308733)(-0.53494,0)

(-0.354641,0)(-0.10163,0.0106682)(0.0558762,-0.0938735)(-0.464691,-0.10998)
(-0.10163,-0.0106682)(-0.049211,0)(0.152324,0.0372082)(-0.148558,-0.0801591)
(0.0558762,0.0938735)(0.152324,-0.0372082)(-0.321158,0)(-0.120608,-0.19896)
(-0.464691,0.10998)(-0.148558,0.0801591)(-0.120608,0.19896)(0.725011,0)

(1.16917,0)(0.130911,0.222524)(0.0308449,-0.474079)(-0.231307,0.515016)
(0.130911,-0.222524)(0.187879,0)(0.606233,-0.0950402)(-0.0307298,-0.255663)
(0.0308449,0.474079)(0.606233,0.0950402)(-0.24875,0)(-0.530686,0.103816)
(-0.231307,-0.515016)(-0.0307298,0.255663)(-0.530686,-0.103816)(-1.1083,0)

(0.174774,0)(-0.38065,-0.25018)(0.417368,0.287949)(0.383451,-0.274737)
(-0.38065,0.25018)(0.161947,0)(-0.460986,0.680073)(-0.000725016,0.0118406)
(0.417368,-0.287949)(-0.460986,-0.680073)(-0.167211,0)(0.388095,-0.118565)
(0.383451,0.274737)(-0.000725016,-0.0118406)(0.388095,0.118565)(-0.169509,0)

(-0.0148249,0)(-0.140124,0.0778963)(-0.462006,0.061799)(0.299789,0.00591914)
(-0.140124,-0.0778963)(0.258963,0)(0.00625079,0.0309408)(-0.100243,-0.0567421)
(-0.462006,-0.061799)(0.00625079,-0.0309408)(-0.485225,0)(0.0230473,-0.331695)
(0.299789,-0.00591914)(-0.100243,0.0567421)(0.0230473,0.331695)(0.241086,0)

63.0053
