0.5
(0.242716,0)(-0.25749,0.483236)(0.0392882,-0.393006)(-0.343193,0.052307)
(-0.25749,-0.483236)(0.151895,0)(-0.165913,0.227807)(-0.0530969,0.185346)
(0.0392882,0.393006)(-0.165913,-0.227807)(-0.151395,0)(-0.218958,-0.080375)
(-0.343193,-0.052307)(-0.0530969,-0.185346)(-0.218958,0.080375)(-0.243216,0)

(-0.0240094,0)(0.246165,-0.0258432)(0.0362489,0.221337)(0.0537108,-0.0445041)
(0.246165,0.0258432)(0.149967,0)(-0.0119745,0.0156685)(-0.127288,0.110943)
(0.0362489,-0.221337)(-0.0119745,-0.0156685)(-0.0566079,0)(-0.0671715,0.0132248)
(0.0537108,0.0445041)(-0.127288,-0.110943)(-0.0671715,-0.0132248)(-0.0693493,0)

(0.017185,0)(0.12746,0.0272834)(-0.131582,0.00494914)(0.0606146,0.014703)
(0.12746,-0.0272834)(-0.00106287,0)(0.151279,0.0100366)(-0.11116,-0.0487094)
(-0.131582,-0.00494914)(0.151279,-0.0100366)(-0.00966315,0)(0.111303,0.23707)
(0.0606146,-0.014703)(-0.11116,0.0487094)(0.111303,-0.23707)(-0.00645899,0)

(-0.466154,0)(0.0456251,0.184491)(-0.166509,-0.0906793)(-0.0790349,-0.0676209)
(0.0456251,-0.184491)(0.216239,0)(0.0243758,-0.189798)(0.0285175,-0.189635)
(-0.166509,0.0906793)(0.0243758,0.189798)(0.0647191,0)(0.0799209,-0.0246183)
(-0.0790349,0.0676209)(0.0285175,0.189635)(0.0799209,0.0246183)(0.185196,0)

(0.219454,0)(0.090797,0.0988702)(0.174241,-0.0654117)(0.240927,0.252508)
(0.090797,-0.0988702)(0.0883314,0)(0.0397945,0.0581327)(0.160109,0.151314)
(0.174241,0.0654117)(0.0397945,-0.0581327)(-0.261535,0)(-0.0171229,-0.165798)
(0.240927,-0.252508)(0.160109,-0.151314)(-0.0171229,0.165798)(-0.046251,0)

(0.157049,0)(0.0503006,-0.0140813)(0.13113,-0.133158)(-0.133138,-0.229923)
(0.0503006,0.0140813)(0.187695,0)(-0.00711828,0.198722)(-0.070979,-0.0440119)
(0.13113,0.133158)(-0.00711828,-0.198722)(-0.474155,0)(-0.0189071,0.0127913)
(-0.133138,0.229923)(-0.070979,0.0440119)(-0.0189071,-0.0127913)(0.129411,0)

(-0.321252,0)(-0.0239977,0.190478)(0.149632,0.0347132)(0.259145,0.0437151)
(-0.0239977,-0.190478)(-0.00233132,0)(-0.103569,0.285986)(-0.403066,-0.23795)
(0.149632,-0.0347132)(-0.103569,-0.285986)(-0.120014,0)(-0.308549,-0.16748)
(0.259145,-0.0437151)(-0.403066,0.23795)(-0.308549,0.16748)(0.443597,0)

(0.121931,0)(0.145171,0.00924376)(-0.0143258,-0.0194126)(-0.00643608,0.00704163)
(0.145171,-0.00924376)(-0.244165,0)(0.190215,-0.0248853)(-0.161073,0.138089)
(-0.0143258,0.0194126)(0.190215,0.0248853)(-0.323334,0)(0.0613788,0.0833279)
(-0.00643608,-0.00704163)(-0.161073,-0.138089)(0.0613788,-0.0833279)(0.445568,0)

(0.0120007,0)(0.0112572,-0.160008)(0.0345578,-0.264106)(-0.238029,-0.306027)
(0.0112572,0.160008)(0.247357,0)(-0.147379,-0.236241)(-0.333806,-0.110801)
(0.0345578,0.264106)(-0.147379,0.236241)(0.18045,0)(0.398794,-0.0483803)
(-0.238029,0.306027)(-0.333806,0.110801)(0.398794,0.0483803)(-0.439808,0)

(-0.120543,0)(0.147928,-0.0476426)(0.00856676,0.195823)(0.184616,0.02566)
(0.147928,0.0476426)(-0.0533269,0)(0.0955006,-0.322084)(0.0342148,0.169588)
(0.00856676,-0.195823)(0.0955006,0.322084)(0.244395,0)(0.254236,-0.238698)
(0.184616,-0.02566)(0.0342148,-0.169588)(0.254236,0.238698)(-0.0705249,0)

(0.0377073,0)(0.109338,0.0946052)(-0.190571,0.0371572)(-0.149147,-0.50394)
(0.109338,-0.0946052)(-0.265248,0)(-0.171967,0.395434)(0.130361,0.288355)
(-0.190571,-0.0371572)(-0.171967,-0.395434)(0.0840944,0)(0.348045,-0.0153456)
(-0.149147,0.50394)(0.130361,-0.288355)(0.348045,0.0153456)(0.143446,0)

(0.0209717,0)(-0.0303189,-0.161496)(0.525371,0.323964)(-0.358234,0.251545)
(-0.0303189,0.161496)(0.30483,0)(-0.370314,0.0854869)(0.354582,-0.339101)
(0.525371,-0.323964)(-0.370314,-0.0854869)(-0.142802,0)(0.0656444,0.0615545)
(-0.358234,-0.251545)(0.354582,0.339101)(0.0656444,-0.0615545)(-0.183,0)

(-0.448216,0)(-0.0540136,-0.368723)(0.478274,-0.0466478)(-0.19926,-0.0291046)
(-0.0540136,0.368723)(-0.0406977,0)(0.169825,0.868531)(0.475076,0.240847)
(0.478274,0.0466478)(0.169825,-0.868531)(0.581325,0)(-0.130324,0.279501)
(-0.19926,0.0291046)(0.475076,-0.240847)(-0.130324,-0.279501)(-0.0924119,0)

(0.20369,0)(-0.325292,0.159004)(0.256433,0.10166)(-0.0804256,0.0797415)
(-0.325292,-0.159004)(0.0953823,0)(-0.156857,0.0675528)(0.196088,-0.24053)
(0.256433,-0.10166)(-0.156857,-0.0675528)(-0.473598,0)(0.490228,0.426382)
(-0.0804256,-0.0797415)(0.196088,0.24053)(0.490228,-0.426382)(0.174526,0)

(-0.146098,0)(0.564166,-0.226748)(0.188587,-0.27458)(0.0630068,0.1743)
(0.564166,0.226748)(0.304539,0)(0.608988,-0.22309)(-0.0968478,-0.0575258)
(0.188587,0.27458)(0.608988,0.22309)(0.0930364,0)(-0.274476,-0.169675)
(0.0630068,-0.1743)(-0.0968478,0.0575258)(-0.274476,0.169675)(-0.251478,0)

(0.169922,0)(-0.591705,-0.0585921)(-0.0152674,-0.000947216)(0.653031,-0.495506)
(-0.591705,0.0585921)(-0.457842,0)(-0.341939,-0.152962)(-0.00400471,-0.292428)
(-0.0152674,0.000947216)(-0.341939,0.152962)(-0.0344077,0)(-0.25114,0.087153)
(0.653031,0.495506)(-0.00400471,0.292428)(-0.25114,-0.087153)(0.322327,0)

(0.120742,0)(-0.0578044,-0.44546)(0.0686518,0.335832)(-0.383849,0.167389)
(-0.0578044,0.44546)(0.0931802,0)(-0.450777,0.0867008)(0.055353,0.140776)
(0.0686518,-0.335832)(-0.450777,-0.0867008)(-0.250198,0)(0.0134964,-0.473067)
(-0.383849,-0.167389)(0.055353,-0.140776)(0.0134964,0.473067)(0.0362763,0)

(0.435673,0)(-0.0402464,0.147855)(-0.17985,0.441218)(0.0425338,-0.323356)
(-0.0402464,-0.147855)(-0.302271,0)(-0.0141433,0.489786)(0.167492,0.386547)
(-0.17985,-0.441218)(-0.0141433,-0.489786)(-0.0201471,0)(0.0287905,0.054351)
(0.0425338,0.323356)(0.167492,-0.386547)(0.0287905,-0.054351)(-0.113255,0)

63.0053
