0.5
(-0.0768314,0)(0.138402,0.0630599)(-0.213204,-0.0227244)(0.104411,-0.153243)
(0.138402,-0.0630599)(0.151033,0)(-0.129922,-0.0939558)(0.0316349,0.0131032)
(-0.213204,0.0227244)(-0.129922,0.0939558)(-0.12362,0)(-0.115987,-0.0980594)
(0.104411,0.153243)(0.0316349,-0.0131032)(-0.115987,0.0980594)(0.0494183,0)

(-0.0439734,0)(0.00145998,-0.136647)(0.156957,0.039568)(0.00672164,0.0737611)
(0.00145998,0.136647)(0.378629,0)(-0.274635,-0.119813)(-0.354894,-0.0040899)
(0.156957,-0.039568)(-0.274635,0.119813)(-0.158511,0)(-0.0603859,0.114402)
(0.00672164,-0.0737611)(-0.354894,0.0040899)(-0.0603859,-0.114402)(-0.176145,0)

(0.0113106,0)(0.20345,0.228685)(0.314677,0.02918)(0.0802482,-0.228832)
(0.20345,-0.228685)(0.0730867,0)(0.118908,-0.2065)(0.275699,0.0419816)
(0.314677,-0.02918)(0.118908,0.2065)(-0.170382,0)(-0.126465,-0.394425)
(0.0802482,0.228832)(0.275699,-0.0419816)(-0.126465,0.394425)(0.0859847,0)

(0.172435,0)(-0.0458186,-0.0363653)(0.147705,0.0487213)(-0.230156,0.134757)
(-0.0458186,0.0363653)(-0.297385,0)(0.248859,0.180061)(0.0935642,0.00946785)
(0.147705,-0.0487213)(0.248859,-0.180061)(0.26678,0)(-0.111085,0.117399)
(-0.230156,-0.134757)(0.0935642,-0.00946785)(-0.111085,-0.117399)(-0.141831,0)

(0.480404,0)(-0.170982,0.0435878)(-0.378254,-0.112576)(0.0900488,-0.0184206)
(-0.170982,-0.0435878)(-0.293849,0)(0.127569,-0.00553022)(-0.1544,-0.219621)
(-0.378254,0.112576)(0.127569,0.00553022)(0.0503667,0)(0.117246,0.1733)
(0.0900488,0.0184206)(-0.1544,0.219621)(0.117246,-0.1733)(-0.236922,0)

(0.183254,0)(-0.250258,-0.0690713)(-0.156681,-0.0938001)(-0.209385,0.0684869)
(-0.250258,0.0690713)(-0.296558,0)(0.0618615,0.268539)(-0.0885072,-0.128589)
(-0.156681,0.0938001)(0.0618615,-0.268539)(-0.123623,0)(-0.00365222,-0.201178)
(-0.209385,-0.0684869)(-0.0885072,0.128589)(-0.00365222,0.201178)(0.236928,0)

(-0.141093,0)(0.0428382,0.345934)(0.26702,-0.0617255)(-0.0635266,-0.172746)
(0.0428382,-0.345934)(0.510054,0)(-0.15654,-0.0144792)(-0.024247,0.180921)
(0.26702,0.0617255)(-0.15654,0.0144792)(-0.36599,0)(0.161886,0.142213)
(-0.0635266,0.172746)(-0.024247,-0.180921)(0.161886,-0.142213)(-0.00297107,0)

(-0.224641,0)(-0.0856729,-0.0433469)(0.121492,-0.196626)(-0.15173,0.151576)
(-0.0856729,0.0433469)(0.156608,0)(-0.0865881,-0.142442)(-0.0309085,-0.0416422)
(0.121492,0.196626)(-0.0865881,0.142442)(-0.0523029,0)(-0.132622,-0.000568919)
(-0.15173,-0.151576)(-0.0309085,0.0416422)(-0.132622,0.000568919)(0.120336,0)

(-0.0703464,0)(0.0564543,-0.00272971)(0.0829034,-0.0832999)(-0.0420542,0.0348095)
(0.0564543,0.00272971)(-0.310108,0)(-0.193236,0.0551805)(-0.0547273,-0.135487)
(0.0829034,0.0832999)(-0.193236,-0.0551805)(0.400749,0)(-0.299499,-0.356274)
(-0.0420542,-0.0348095)(-0.0547273,0.135487)(-0.299499,0.356274)(-0.0202951,0)

(0.0712302,0)(-0.0891644,0.156231)(0.0780923,0.326299)(-0.482583,0.175953)
(-0.0891644,-0.156231)(-0.243099,0)(0.0380609,-0.114797)(-0.241088,-0.191933)
(0.0780923,-0.326299)(0.0380609,0.114797)(0.202459,0)(0.0314117,-0.237088)
(-0.482583,-0.175953)(-0.241088,0.191933)(0.0314117,0.237088)(-0.0305903,0)

(0.62101,0)(0.409172,-0.475673)(-0.0820713,-0.029465)(-0.0396242,-0.0562487)
(0.409172,0.475673)(-0.0694991,0)(0.0456603,0.402244)(-0.262767,-0.353941)
(-0.0820713,0.029465)(0.0456603,-0.402244)(-0.36724,0)(-0.281539,0.0121726)
(-0.0396242,0.0562487)(-0.262767,0.353941)(-0.281539,-0.0121726)(-0.184271,0)

(0.290686,0)(-0.0185729,0.0739265)(0.132712,-0.401897)(-0.235527,-0.202327)
(-0.0185729,-0.0739265)(-0.241324,0)(-0.0866508,0.159066)(0.197885,-0.04928)
(0.132712,0.401897)(-0.0866508,-0.159066)(0.245352,0)(-0.193883,-0.275099)
(-0.235527,0.202327)(0.197885,0.04928)(-0.193883,0.275099)(-0.294714,0)

(0.00597055,0)(0.441504,0.087764)(-0.225286,0.186743)(-0.71936,-0.263383)
(0.441504,-0.087764)(0.366505,0)(-0.0714797,-0.605367)(0.105242,-0.291857)
(-0.225286,-0.186743)(-0.0714797,0.605367)(-0.332727,0)(0.079523,0.142499)
(-0.71936,0.263383)(0.105242,0.291857)(0.079523,-0.142499)(-0.0397485,0)

(0.096162,0)(0.189614,0.513732)(0.0918792,-0.63554)(-0.322477,-0.0117961)
(0.189614,-0.513732)(0.464249,0)(0.148904,-0.11932)(-0.488407,-0.346589)
(0.0918792,0.63554)(0.148904,0.11932)(-0.131283,0)(-0.00339968,0.0476719)
(-0.322477,0.0117961)(-0.488407,0.346589)(-0.00339968,-0.0476719)(-0.429128,0)

(0.465768,0)(0.0630476,0.135591)(-0.131054,-0.178555)(-0.147846,0.273658)
(0.0630476,-0.135591)(0.561701,0)(-0.440157,-0.770948)(0.607758,0.151769)
(-0.131054,0.178555)(-0.440157,0.770948)(-0.489111,0)(-0.16245,0.30283)
(-0.147846,-0.273658)(0.607758,-0.151769)(-0.16245,-0.30283)(-0.538357,0)

(0.511075,0)(0.0828495,-0.167107)(-0.130616,-0.251325)(0.206628,0.364507)
(0.0828495,0.167107)(-0.720498,0)(0.312001,0.130164)(-0.0477894,-0.202131)
(-0.130616,0.251325)(0.312001,-0.130164)(0.266497,0)(-0.0137926,-0.330552)
(0.206628,-0.364507)(-0.0477894,0.202131)(-0.0137926,0.330552)(-0.0570735,0)

(0.355632,0)(0.0686707,0.233515)(-0.0780661,0.400959)(0.0257704,-0.336799)
(0.0686707,-0.233515)(-0.300924,0)(0.0106678,0.435826)(-0.161034,-0.362039)
(-0.0780661,-0.400959)(0.0106678,-0.435826)(-0.108122,0)(-0.242548,-0.0279959)
(0.0257704,0.336799)(-0.161034,0.362039)(-0.242548,0.0279959)(0.0534152,0)

(0.184954,0)(0.573488,0.13754)(0.125415,-0.726912)(0.133077,-0.148729)
(0.573488,-0.13754)(0.41581,0)(0.0887395,-0.248408)(0.0572456,-0.229019)
(0.125415,0.726912)(0.0887395,0.248408)(-0.383125,0)(-0.154644,0.0895144)
(0.133077,0.148729)(0.0572456,0.229019)(-0.154644,-0.0895144)(-0.21764,0)

63.0053
