0.5
(-0.309512,0)(-0.360335,0.0987026)(-0.222658,-0.0256269)(0.275878,0.0763429)
(-0.360335,-0.0987026)(0.17113,0)(-0.0584841,0.0206336)(0.0981955,-0.222228)
(-0.222658,0.0256269)(-0.0584841,-0.0206336)(0.108015,0)(0.0545954,0.286608)
(0.275878,-0.0763429)(0.0981955,0.222228)(0.0545954,-0.286608)(0.030367,0)

(0.123537,0)(-0.0495938,0.0484649)(0.079697,-0.0475474)(-0.0844483,-0.0310155)
(-0.0495938,-0.0484649)(0.126402,0)(-0.0250079,-0.221391)(0.0689577,-0.226207)
(0.079697,0.0475474)(-0.0250079,0.221391)(-0.162753,0)(0.14828,-0.263986)
(-0.0844483,0.0310155)(0.0689577,0.226207)(0.14828,0.263986)(-0.0871856,0)

(0.0439228,0)(0.0655737,0.0485315)(-0.0682868,-0.188664)(-0.0226473,-0.20268)
(0.0655737,-0.0485315)(0.380236,0)(-0.103071,0.394308)(0.0666273,0.119485)
(-0.0682868,0.188664)(-0.103071,-0.394308)(-0.253011,0)(0.0840325,0.240001)
(-0.0226473,0.20268)(0.0666273,-0.119485)(0.0840325,-0.240001)(-0.171147,0)

(-0.426091,0)(-0.0407495,0.0451154)(-0.0181229,0.0222372)(0.00154333,0.0254186)
(-0.0407495,-0.0451154)(0.258814,0)(0.253872,0.204081)(0.280681,0.0543961)
(-0.0181229,-0.0222372)(0.253872,-0.204081)(0.340942,0)(0.178956,0.0493811)
(0.00154333,-0.0254186)(0.280681,-0.0543961)(0.178956,-0.0493811)(-0.173664,0)

(-0.0743176,0)(0.303416,0.00517712)(0.0788872,0.111793)(-0.0962424,-0.0184257)
(0.303416,-0.00517712)(0.224237,0)(-0.0111032,-0.143859)(-0.0215529,0.121847)
(0.0788872,-0.111793)(-0.0111032,0.143859)(-0.154167,0)(-0.203325,0.10814)
(-0.0962424,0.0184257)(-0.0215529,-0.121847)(-0.203325,-0.10814)(0.00424694,0)

(0.0466909,0)(-0.129345,0.153658)(0.109503,-0.163864)(-0.0879436,-0.153173)
(-0.129345,-0.153658)(-0.189261,0)(-0.100788,0.127214)(-0.0596195,-0.33285)
(0.109503,0.163864)(-0.100788,-0.127214)(0.206226,0)(0.0340523,3.26826e-005)
(-0.0879436,0.153173)(-0.0596195,0.33285)(0.0340523,-3.26826e-005)(-0.0636562,0)

(-0.281154,0)(-0.11031,0.181537)(0.177132,-0.164987)(0.0944539,0.121997)
(-0.11031,-0.181537)(0.201075,0)(0.00352199,0.0783444)(0.312967,-0.148515)
(0.177132,0.164987)(0.00352199,-0.0783444)(0.240445,0)(-0.127379,-0.189703)
(0.0944539,-0.121997)(0.312967,0.148515)(-0.127379,0.189703)(-0.160367,0)

(0.149861,0)(-0.162002,0.00740044)(-0.0558275,-0.0212268)(-0.268407,-0.385024)
(-0.162002,-0.00740044)(-0.342363,0)(0.157032,0.147949)(-0.138971,-0.113903)
(-0.0558275,0.0212268)(0.157032,-0.147949)(0.122063,0)(-0.193155,-0.207604)
(-0.268407,0.385024)(-0.138971,0.113903)(-0.193155,0.207604)(0.0704393,0)

(0.0419221,0)(0.0502318,0.161106)(-0.108931,-0.137502)(-0.274021,-0.13573)
(0.0502318,-0.161106)(-0.0303334,0)(-0.187573,-0.0162894)(-0.162514,-0.170119)
(-0.108931,0.137502)(-0.187573,0.0162894)(-0.102681,0)(-0.176315,0.268181)
(-0.274021,0.13573)(-0.162514,0.170119)(-0.176315,-0.268181)(0.091092,0)

(0.439701,0)(0.0573399,0.0330349)(0.376091,0.0592452)(-0.400878,0.00850606)
(0.0573399,-0.0330349)(0.0980199,0)(0.00788346,-0.344901)(0.382944,-0.346758)
(0.376091,-0.0592452)(0.00788346,0.344901)(-0.0502564,0)(-0.109547,0.339588)
(-0.400878,-0.00850606)(0.382944,0.346758)(-0.109547,-0.339588)(-0.487465,0)

(0.330153,0)(0.0163944,-0.0402731)(-0.267693,0.0201454)(0.68842,0.286597)
(0.0163944,0.0402731)(-0.0883546,0)(-0.187882,0.348475)(0.0417739,-0.209862)
(-0.267693,-0.0201454)(-0.187882,-0.348475)(-0.0948816,0)(-0.395887,-0.170915)
(0.68842,-0.286597)(0.0417739,0.209862)(-0.395887,0.170915)(-0.146917,0)

(0.111509,0)(0.0417776,0.348351)(-0.345414,0.256469)(-0.695931,0.306481)
(0.0417776,-0.348351)(0.419671,0)(-0.0944695,0.190341)(0.0467475,0.0247106)
(-0.345414,-0.256469)(-0.0944695,-0.190341)(-0.505181,0)(0.0223129,0.174369)
(-0.695931,-0.306481)(0.0467475,-0.0247106)(0.0223129,-0.174369)(-0.0259993,0)

(-0.445064,0)(-0.32469,0.0399373)(-0.0427423,0.178613)(-0.33501,-0.382247)
(-0.32469,-0.0399373)(0.3303,0)(0.0428412,-0.12804)(-0.422822,0.444796)
(-0.0427423,-0.178613)(0.0428412,0.12804)(0.285263,0)(-0.281287,0.0351051)
(-0.33501,0.382247)(-0.422822,-0.444796)(-0.281287,-0.0351051)(-0.170499,0)

(-0.496859,0)(0.191951,0.1757)(-0.460496,-0.0126797)(0.0927121,-0.283279)
(0.191951,-0.1757)(0.122667,0)(-0.168411,0.0605429)(0.273677,0.1295)
(-0.460496,0.0126797)(-0.168411,-0.0605429)(0.0472315,0)(-0.135544,-0.0135538)
(0.0927121,0.283279)(0.273677,-0.1295)(-0.135544,0.0135538)(0.32696,0)

(0.0275199,0)(-0.423157,-0.73543)(0.03756,-0.0086624)(0.0306945,0.0265503)
(-0.423157,0.73543)(0.13703,0)(-0.362534,-0.155672)(-0.0707804,-0.00452269)
(0.03756,0.0086624)(-0.362534,0.155672)(0.430859,0)(-0.207011,0.0485811)
(0.0306945,-0.0265503)(-0.0707804,0.00452269)(-0.207011,-0.0485811)(-0.595409,0)

(0.125093,0)(-0.327364,0.0225056)(0.0176453,-0.0929636)(0.0534879,-0.427056)
(-0.327364,-0.0225056)(-0.0210711,0)(-0.485236,-0.688348)(0.579676,0.191279)
(0.0176453,0.0929636)(-0.485236,0.688348)(0.274115,0)(-0.380627,-0.00640361)
(0.0534879,0.427056)(0.579676,-0.191279)(-0.380627,0.00640361)(-0.378137,0)

(-0.438726,0)(-0.292721,0.185188)(0.559344,0.550695)(-0.0821993,-0.332651)
(-0.292721,-0.185188)(-0.144976,0)(0.139324,0.139137)(0.101702,0.386531)
(0.559344,-0.550695)(0.139324,-0.139137)(0.217404,0)(0.24289,0.0495836)
(-0.0821993,0.332651)(0.101702,-0.386531)(0.24289,-0.0495836)(0.366298,0)

(0.207095,0)(0.197935,0.35528)(-0.0743312,-0.20527)(0.0996287,0.461398)
(0.197935,-0.35528)(0.31881,0)(0.642177,0.376258)(0.0693953,-0.241019)
(-0.0743312,0.20527)(0.642177,-0.376258)(-0.692999,0)(-0.153909,0.475871)
(0.0996287,-0.461398)(0.0693953,0.241019)(-0.153909,-0.475871)(0.167094,0)

63.0053
