0.5
(-0.130597,0)(-0.234424,-0.178569)(-0.420701,0.233552)(0.123685,-0.0159878)
(-0.234424,0.178569)(0.0744375,0)(0.0352842,-0.135153)(0.0388399,0.124875)
(-0.420701,-0.233552)(0.0352842,0.135153)(0.293079,0)(0.0207957,-0.355961)
(0.123685,0.0159878)(0.0388399,-0.124875)(0.0207957,0.355961)(-0.236919,0)

(-0.0781577,0)(-0.109154,-0.0409763)(-0.00973158,0.0174586)(-0.0691572,-0.0482195)
(-0.109154,0.0409763)(-0.137579,0)(0.0515847,0.0247023)(0.118831,-0.2007)
(-0.00973158,-0.0174586)(0.0515847,-0.0247023)(-0.0184079,0)(-0.0333369,-0.136167)
(-0.0691572,0.0482195)(0.118831,0.2007)(-0.0333369,0.136167)(0.234145,0)

(-0.0559052,0)(-0.120725,-0.18305)(-0.442865,0.0117045)(0.132022,0.423346)
(-0.120725,0.18305)(-0.0623891,0)(0.0449812,-0.231318)(0.35361,-0.0180779)
(-0.442865,-0.0117045)(0.0449812,0.231318)(-0.0506947,0)(-0.315332,0.16376)
(0.132022,-0.423346)(0.35361,0.0180779)(-0.315332,-0.16376)(0.168989,0)

(-0.251748,0)(-0.0636196,0.292425)(-0.24726,-0.145266)(0.41574,0.213722)
(-0.0636196,-0.292425)(0.294286,0)(-0.186395,0.230283)(-0.032369,-0.0705341)
(-0.24726,0.145266)(-0.186395,-0.230283)(0.0949128,0)(0.0560183,0.252719)
(0.41574,-0.213722)(-0.032369,0.0705341)(0.0560183,-0.252719)(-0.137451,0)

(-0.148509,0)(-0.0256232,-0.11605)(-0.408191,0.0254367)(0.205884,0.463814)
(-0.0256232,0.11605)(0.175654,0)(-0.0725394,0.103133)(0.152204,0.112)
(-0.408191,-0.0254367)(-0.0725394,-0.103133)(-0.133803,0)(-0.132132,0.312069)
(0.205884,-0.463814)(0.152204,-0.112)(-0.132132,-0.312069)(0.106659,0)

(0.10123,0)(-0.336009,-0.114661)(-0.0344161,0.273026)(0.0311906,0.142345)
(-0.336009,0.114661)(-0.448033,0)(0.255527,-0.320875)(0.245602,0.121557)
(-0.0344161,-0.273026)(0.255527,0.320875)(0.00331717,0)(0.0994053,0.284164)
(0.0311906,-0.142345)(0.245602,-0.121557)(0.0994053,-0.284164)(0.343486,0)

(-0.220722,0)(-0.142864,-0.0751367)(-0.0152861,-0.232126)(0.0251505,-0.0400718)
(-0.142864,0.0751367)(0.226473,0)(0.0239603,0.136706)(-0.218155,-0.0490568)
(-0.0152861,0.232126)(0.0239603,-0.136706)(0.275692,0)(0.0465641,0.151644)
(0.0251505,0.0400718)(-0.218155,0.0490568)(0.0465641,-0.151644)(-0.281443,0)

(-0.0305469,0)(-0.26596,0.0759714)(0.152464,0.110696)(-0.0110213,0.107615)
(-0.26596,-0.0759714)(-0.392429,0)(-0.149945,0.20936)(-0.131022,0.0406034)
(0.152464,-0.110696)(-0.149945,-0.20936)(0.330283,0)(-0.109445,0.248573)
(-0.0110213,-0.107615)(-0.131022,-0.0406034)(-0.109445,-0.248573)(0.0926934,0)

(0.000777956,0)(-0.0392118,-0.23896)(0.0424874,-0.0157871)(0.119306,0.0345167)
(-0.0392118,0.23896)(0.184583,0)(-0.00495551,-0.25356)(-0.304897,0.146378)
(0.0424874,0.0157871)(-0.00495551,0.25356)(0.000588881,0)(-0.253597,-0.0222331)
(0.119306,-0.0345167)(-0.304897,-0.146378)(-0.253597,0.0222331)(-0.18595,0)

(-0.318631,0)(-0.403317,-0.0413369)(0.0445685,0.408718)(-0.161641,-0.201816)
(-0.403317,0.0413369)(0.413778,0)(0.0362354,0.134856)(-0.102887,0.280251)
(0.0445685,-0.408718)(0.0362354,-0.134856)(0.199814,0)(0.387387,0.1454)
(-0.161641,0.201816)(-0.102887,-0.280251)(0.387387,-0.1454)(-0.29496,0)

(0.420349,0)(0.0740287,0.118628)(-0.211209,-0.123615)(-0.0942227,-0.0233848)
(0.0740287,-0.118628)(-0.292943,0)(-0.118718,-0.191375)(-0.152713,-0.097939)
(-0.211209,0.123615)(-0.118718,0.191375)(-0.145981,0)(0.039153,0.077511)
(-0.0942227,0.0233848)(-0.152713,0.097939)(0.039153,-0.077511)(0.0185753,0)

(-0.0960636,0)(-0.103856,-0.321111)(0.549615,0.202364)(-0.0282476,0.423976)
(-0.103856,0.321111)(0.502683,0)(-0.0876891,0.276653)(0.0904787,-0.511381)
(0.549615,-0.202364)(-0.0876891,-0.276653)(-0.184522,0)(0.132413,0.231629)
(-0.0282476,-0.423976)(0.0904787,0.511381)(0.132413,-0.231629)(-0.222098,0)

(0.106363,0)(0.221527,0.124331)(-0.0803464,0.0623035)(0.45783,0.00882463)
(0.221527,-0.124331)(0.121715,0)(-0.18091,-0.128009)(-0.096458,-0.0401142)
(-0.0803464,-0.0623035)(-0.18091,0.128009)(-0.344026,0)(-0.249956,-0.193266)
(0.45783,-0.00882463)(-0.096458,0.0401142)(-0.249956,0.193266)(0.115948,0)

(-0.299335,0)(0.0886805,-0.103364)(0.235443,-0.387182)(0.0854392,0.333913)
(0.0886805,0.103364)(-0.00245677,0)(-0.0248588,-0.0435936)(0.0337879,0.0520787)
(0.235443,0.387182)(-0.0248588,0.0435936)(0.402287,0)(-0.180172,-0.0554465)
(0.0854392,-0.333913)(0.0337879,-0.0520787)(-0.180172,0.0554465)(-0.100496,0)

(-0.0518259,0)(0.452667,-0.0341307)(-0.341509,-0.195829)(-0.401729,-0.19869)
(0.452667,0.0341307)(-0.0292391,0)(0.133017,0.110324)(0.213079,0.0216809)
(-0.341509,0.195829)(0.133017,-0.110324)(0.303134,0)(0.0501224,-0.240965)
(-0.401729,0.19869)(0.213079,-0.0216809)(0.0501224,0.240965)(-0.222069,0)

(-0.0857802,0)(0.285361,-0.420902)(-0.271777,0.431505)(-0.0574749,-0.460645)
(0.285361,0.420902)(0.0634728,0)(-0.862535,-0.217767)(0.220434,0.34329)
(-0.271777,-0.431505)(-0.862535,0.217767)(-0.134591,0)(-0.0991158,0.149758)
(-0.0574749,0.460645)(0.220434,-0.34329)(-0.0991158,-0.149758)(0.156898,0)

(-0.57865,0)(0.809812,-0.334225)(-0.223374,0.160953)(0.0139227,0.0639568)
(0.809812,0.334225)(0.00741087,0)(-0.00251233,-0.272932)(-0.409988,-0.0696653)
(-0.223374,-0.160953)(-0.00251233,0.272932)(0.255394,0)(-0.267456,-0.207452)
(0.0139227,-0.0639568)(-0.409988,0.0696653)(-0.267456,0.207452)(0.315844,0)

(0.102556,0)(0.00589442,0.105472)(-0.408223,0.184284)(-0.31429,-0.0661939)
(0.00589442,-0.105472)(-0.220808,0)(-0.189215,0.460032)(-0.283917,-0.107875)
(-0.408223,-0.184284)(-0.189215,-0.460032)(0.193306,0)(-0.178749,0.238817)
(-0.31429,0.0661939)(-0.283917,0.107875)(-0.178749,-0.238817)(-0.075054,0)

63.0053
