0.5
(0.0630273,0)(0.0882505,-0.0806703)(-0.081446,-0.00487951)(0.0586185,0.0458965)
(0.0882505,0.0806703)(0.0597893,0)(-0.0300601,-0.212013)(0.344892,-0.0323975)
(-0.081446,0.00487951)(-0.0300601,0.212013)(-0.100249,0)(-0.0903369,0.00898507)
(0.0586185,-0.0458965)(0.344892,0.0323975)(-0.0903369,-0.00898507)(-0.022568,0)

(-0.283317,0)(0.0251838,-0.212098)(-0.115247,-0.204035)(-0.353107,0.141275)
(0.0251838,0.212098)(-0.154595,0)(-0.0221322,0.2982)(-0.12843,0.257341)
(-0.115247,0.204035)(-0.0221322,-0.2982)(0.4228,0)(0.0271054,0.0962161)
(-0.353107,-0.141275)(-0.12843,-0.257341)(0.0271054,-0.0962161)(0.0151114,0)

(0.372801,0)(-0.0731275,-0.0919492)(-0.130058,0.0333559)(0.353574,0.253819)
(-0.0731275,0.0919492)(-0.357755,0)(-0.162558,0.170352)(-0.156102,0.0952979)
(-0.130058,-0.0333559)(-0.162558,-0.170352)(0.312578,0)(-0.0330898,-0.468343)
(0.353574,-0.253819)(-0.156102,-0.0952979)(-0.0330898,0.468343)(-0.327624,0)

(0.145489,0)(0.126396,-0.150308)(-0.100484,0.271066)(0.0578839,-0.020089)
(0.126396,0.150308)(-0.169275,0)(0.159745,0.150103)(-0.0454226,-0.115937)
(-0.100484,-0.271066)(0.159745,-0.150103)(0.321133,0)(-0.0334259,-0.166146)
(0.0578839,0.020089)(-0.0454226,0.115937)(-0.0334259,0.166146)(-0.297346,0)

(-0.0232164,0)(-0.10766,0.0390875)(-0.251263,0.172466)(-0.00541732,0.326179)
(-0.10766,-0.0390875)(-0.0195853,0)(0.161545,-0.198559)(-0.120218,-0.0730159)
(-0.251263,-0.172466)(0.161545,0.198559)(0.0209043,0)(-0.0349938,0.0215096)
(-0.00541732,-0.326179)(-0.120218,0.0730159)(-0.0349938,-0.0215096)(0.0218974,0)

(-0.0353164,0)(0.213779,-0.0026132)(0.0208022,0.128236)(0.0554253,0.336366)
(0.213779,0.0026132)(0.0852653,0)(0.198612,-0.14078)(0.171332,0.116582)
(0.0208022,-0.128236)(0.198612,0.14078)(-0.0581452,0)(-0.108234,-0.0879686)
(0.0554253,-0.336366)(0.171332,-0.116582)(-0.108234,0.0879686)(0.00819638,0)

(0.149823,0)(0.0168527,0.352052)(-0.049972,-0.12944)(0.0543664,-0.0762069)
(0.0168527,-0.352052)(0.179722,0)(0.111468,-0.224567)(0.483189,0.117703)
(-0.049972,0.12944)(0.111468,0.224567)(0.0720001,0)(-0.181608,-0.0982515)
(0.0543664,0.0762069)(0.483189,-0.117703)(-0.181608,0.0982515)(-0.401545,0)

(0.332624,0)(-0.197018,0.139218)(-0.211045,-0.0664814)(0.29181,0.0143942)
(-0.197018,-0.139218)(-0.309848,0)(-0.0436241,0.0147263)(0.0431303,-0.0752744)
(-0.211045,0.0664814)(-0.0436241,-0.0147263)(0.13722,0)(0.175652,-0.0445919)
(0.29181,-0.0143942)(0.0431303,0.0752744)(0.175652,0.0445919)(-0.159996,0)

(0.0211242,0)(0.193861,-0.269684)(0.0317459,0.237266)(0.163751,-0.155085)
(0.193861,0.269684)(0.19705,0)(0.00266987,0.153051)(-0.00302105,-0.0561903)
(0.0317459,-0.237266)(0.00266987,-0.153051)(-0.322153,0)(0.161485,0.138723)
(0.163751,0.155085)(-0.00302105,0.0561903)(0.161485,-0.138723)(0.103979,0)

(-0.538835,0)(-0.281281,0.235253)(0.12857,0.534024)(-0.158186,0.0579505)
(-0.281281,-0.235253)(0.0678069,0)(0.289543,0.00888679)(0.245398,0.245252)
(0.12857,-0.534024)(0.289543,-0.00888679)(-0.0468003,0)(0.292972,-0.466674)
(-0.158186,-0.0579505)(0.245398,-0.245252)(0.292972,0.466674)(0.517828,0)

(-0.896173,0)(-0.230599,-0.332356)(0.183585,0.16807)(0.064202,0.253666)
(-0.230599,0.332356)(0.488624,0)(0.234657,0.0330188)(-0.0365076,0.332142)
(0.183585,-0.16807)(0.234657,-0.0330188)(0.394348,0)(-0.0581703,-0.124786)
(0.064202,-0.253666)(-0.0365076,-0.332142)(-0.0581703,0.124786)(0.0132015,0)

(-0.158946,0)(0.0708464,0.488659)(-0.486483,0.1407)(-0.0637557,-0.205663)
(0.0708464,-0.488659)(0.143312,0)(0.304537,0.115014)(-0.180081,0.41657)
(-0.486483,-0.1407)(0.304537,-0.115014)(-0.200997,0)(-0.191876,-0.579638)
(-0.0637557,0.205663)(-0.180081,-0.41657)(-0.191876,0.579638)(0.216631,0)

(0.302862,0)(0.319504,0.0517712)(0.560267,0.219434)(-0.417873,0.451687)
(0.319504,-0.0517712)(0.0186368,0)(-0.333419,0.162772)(-0.0165964,-0.338468)
(0.560267,-0.219434)(-0.333419,-0.162772)(0.0744108,0)(-0.350935,0.00724804)
(-0.417873,-0.451687)(-0.0165964,0.338468)(-0.350935,-0.00724804)(-0.395909,0)

(0.545508,0)(0.09249,-0.407075)(-0.387093,-0.252966)(-0.128094,-0.347423)
(0.09249,0.407075)(-0.503322,0)(-0.22303,-0.169855)(0.13243,0.26554)
(-0.387093,0.252966)(-0.22303,0.169855)(-0.249685,0)(0.380832,-0.0995742)
(-0.128094,0.347423)(0.13243,-0.26554)(0.380832,0.0995742)(0.207499,0)

(-0.0745409,0)(-0.051327,-0.622271)(0.0943369,0.119239)(-0.146595,0.0543346)
(-0.051327,0.622271)(0.244219,0)(-0.223166,0.348123)(0.500771,0.045279)
(0.0943369,-0.119239)(-0.223166,-0.348123)(0.0287294,0)(-0.369815,-0.150483)
(-0.146595,-0.0543346)(0.500771,-0.045279)(-0.369815,0.150483)(-0.198407,0)

(-0.0241152,0)(0.0042831,-0.359041)(0.320806,-0.304862)(0.405411,-0.0686602)
(0.0042831,0.359041)(-0.0837222,0)(0.090856,-0.423619)(-0.166853,0.148095)
(0.320806,0.304862)(0.090856,0.423619)(0.072708,0)(0.223583,-0.288393)
(0.405411,0.0686602)(-0.166853,-0.148095)(0.223583,0.288393)(0.0351293,0)

(0.167909,0)(-0.736587,0.313416)(0.141593,-0.14593)(0.255752,0.0318969)
(-0.736587,-0.313416)(0.0891459,0)(-0.0068931,-0.515916)(-0.368027,-0.0545983)
(0.141593,0.14593)(-0.0068931,0.515916)(0.0331977,0)(0.272687,0.293241)
(0.255752,-0.0318969)(-0.368027,0.0545983)(0.272687,-0.293241)(-0.290253,0)

(-0.32109,0)(0.0647536,0.133415)(-0.147829,0.0509452)(-0.225505,0.180866)
(0.0647536,-0.133415)(0.652554,0)(0.114893,0.116866)(-0.0692882,-0.0389276)
(-0.147829,-0.0509452)(0.114893,-0.116866)(-0.401544,0)(-0.0708084,-0.281035)
(-0.225505,-0.180866)(-0.0692882,0.0389276)(-0.0708084,0.281035)(0.0700805,0)

63.0053
