0.5
(0.268552,0)(0.153884,-0.26193)(-0.141992,0.139991)(0.462866,0.188645)
(0.153884,0.26193)(-0.263571,0)(-0.298455,-0.0276237)(-0.0704611,-0.114017)
(-0.141992,-0.139991)(-0.298455,0.0276237)(0.332561,0)(-0.0448234,-0.327969)
(0.462866,-0.188645)(-0.0704611,0.114017)(-0.0448234,0.327969)(-0.337543,0)

(-0.0293694,0)(-0.089799,-0.171137)(0.165624,-0.499183)(-0.309479,0.0424115)
(-0.089799,0.171137)(-0.368957,0)(0.142724,0.112077)(0.0506143,-0.376557)
(0.165624,0.499183)(0.142724,-0.112077)(0.17983,0)(-0.0970386,0.0453401)
(-0.309479,-0.0424115)(0.0506143,0.376557)(-0.0970386,-0.0453401)(0.218497,0)

(-0.185201,0)(-0.115285,-0.176477)(0.0255192,-0.101554)(-0.117472,0.204387)
(-0.115285,0.176477)(-0.0598163,0)(-0.0105319,0.00490704)(-0.149964,-0.213747)
(0.0255192,0.101554)(-0.0105319,-0.00490704)(0.348046,0)(-0.072666,0.162651)
(-0.117472,-0.204387)(-0.149964,0.213747)(-0.072666,-0.162651)(-0.103028,0)

(0.0504328,0)(-0.0570978,-0.0812307)(0.0609209,0.0878072)(-0.262839,-0.248283)
(-0.0570978,0.0812307)(-0.0717454,0)(0.108253,-0.24848)(0.077931,0.132993)
(0.0609209,-0.0878072)(0.108253,0.24848)(0.116818,0)(0.287986,-0.258379)
(-0.262839,0.248283)(0.077931,-0.132993)(0.287986,0.258379)(-0.0955052,0)

(0.186154,0)(0.138088,-0.0345258)(0.00613358,0.325058)(0.358768,-0.108239)
(0.138088,0.0345258)(-0.297613,0)(0.0159494,-0.10584)(-0.0989741,0.0286878)
(0.00613358,-0.325058)(0.0159494,0.10584)(0.198188,0)(0.0962758,-0.128579)
(0.358768,0.108239)(-0.0989741,-0.0286878)(0.0962758,0.128579)(-0.0867285,0)

(-0.00498676,0)(-0.00123644,0.02826)(0.1019,-0.326785)(-0.475624,-0.0132215)
(-0.00123644,-0.02826)(-0.0869359,0)(0.272376,0.151413)(-0.0935392,0.101734)
(0.1019,0.326785)(0.272376,-0.151413)(-0.239395,0)(-0.134999,0.279823)
(-0.475624,0.0132215)(-0.0935392,-0.101734)(-0.134999,-0.279823)(0.331318,0)

(-0.148806,0)(-0.230738,-0.196516)(-0.0038404,0.0747313)(-0.170606,-0.138835)
(-0.230738,0.196516)(0.197396,0)(0.142882,-0.176854)(-0.106375,-0.0925912)
(-0.0038404,-0.0747313)(0.142882,0.176854)(0.129813,0)(0.155884,-0.163804)
(-0.170606,0.138835)(-0.106375,0.0925912)(0.155884,0.163804)(-0.178404,0)

(-0.212724,0)(-0.23746,0.0984969)(0.0261053,-0.233374)(-0.192517,-0.209957)
(-0.23746,-0.0984969)(0.123625,0)(0.22425,-0.0450854)(-0.156227,-0.00503579)
(0.0261053,0.233374)(0.22425,0.0450854)(-0.225885,0)(0.222981,-0.0614345)
(-0.192517,0.209957)(-0.156227,0.00503579)(0.222981,0.0614345)(0.314983,0)

(-0.0210746,0)(0.0165033,-0.290164)(0.131237,-0.118583)(0.32283,0.185534)
(0.0165033,0.290164)(-0.298365,0)(0.065572,-0.0865277)(-0.138912,-0.00266128)
(0.131237,0.118583)(0.065572,0.0865277)(0.324334,0)(-0.0162338,-0.201898)
(0.32283,-0.185534)(-0.138912,0.00266128)(-0.0162338,0.201898)(-0.00489418,0)

(-0.223732,0)(0.00758034,0.043804)(0.0131937,0.396994)(-0.149805,-0.00236187)
(0.00758034,-0.043804)(0.304649,0)(0.253325,-0.352936)(0.0322643,-0.0207924)
(0.0131937,-0.396994)(0.253325,0.352936)(0.255664,0)(0.077536,-0.128593)
(-0.149805,0.00236187)(0.0322643,0.0207924)(0.077536,0.128593)(-0.336581,0)

(-0.253603,0)(-0.163049,-0.128442)(0.459339,0.147268)(-0.228779,-0.300786)
(-0.163049,0.128442)(-0.0174297,0)(0.217456,0.0693531)(-0.120236,0.16622)
(0.459339,-0.147268)(0.217456,-0.0693531)(0.370518,0)(-0.425815,0.0659765)
(-0.228779,0.300786)(-0.120236,-0.16622)(-0.425815,-0.0659765)(-0.0994856,0)

(-0.158945,0)(0.11127,0.688242)(-0.553037,-0.201306)(-0.166405,0.155767)
(0.11127,-0.688242)(-0.11376,0)(0.356962,-0.280385)(-0.284182,-0.362044)
(-0.553037,0.201306)(0.356962,0.280385)(0.625806,0)(-0.0469207,-0.149857)
(-0.166405,-0.155767)(-0.284182,0.362044)(-0.0469207,0.149857)(-0.353101,0)

(-0.452684,0)(-0.0333476,-0.304155)(-0.431746,0.0542678)(0.372935,-0.330821)
(-0.0333476,0.304155)(-0.319574,0)(-0.256977,0.733222)(-0.0981327,-0.188336)
(-0.431746,-0.0542678)(-0.256977,-0.733222)(0.0650421,0)(-0.140874,-0.118646)
(0.372935,0.330821)(-0.0981327,0.188336)(-0.140874,0.118646)(0.707216,0)

(-0.141591,0)(-0.620531,0.0566656)(0.119525,-0.0718251)(0.0756608,0.196545)
(-0.620531,-0.0566656)(0.062104,0)(-0.441352,-0.0968959)(0.430338,0.110309)
(0.119525,0.0718251)(-0.441352,0.0968959)(0.100872,0)(0.109696,-0.29283)
(0.0756608,-0.196545)(0.430338,-0.110309)(0.109696,0.29283)(-0.0213853,0)

(0.529702,0)(-0.0653198,-0.0115574)(0.174342,-0.385421)(-0.0948692,0.27968)
(-0.0653198,0.0115574)(0.328318,0)(0.331821,0.00644063)(0.236972,-0.0577424)
(0.174342,0.385421)(0.331821,-0.00644063)(-0.514135,0)(-0.210348,0.0444155)
(-0.0948692,-0.27968)(0.236972,0.0577424)(-0.210348,-0.0444155)(-0.343884,0)

(-0.028263,0)(0.208775,0.368344)(-0.45247,-0.461279)(0.21654,0.108607)
(0.208775,-0.368344)(-0.295601,0)(0.115971,-0.20537)(-0.330064,-0.162524)
(-0.45247,0.461279)(0.115971,0.20537)(0.398071,0)(-0.213901,-0.232909)
(0.21654,-0.108607)(-0.330064,0.162524)(-0.213901,0.232909)(-0.0742071,0)

(-0.0411533,0)(0.0302591,-0.0144188)(-0.294309,-0.362243)(0.202985,0.261292)
(0.0302591,0.0144188)(-0.122234,0)(0.116308,-0.538737)(-0.114613,0.0220033)
(-0.294309,0.362243)(0.116308,0.538737)(0.0085129,0)(0.3483,0.321609)
(0.202985,-0.261292)(-0.114613,-0.0220033)(0.3483,-0.321609)(0.154874,0)

(-0.203968,0)(-0.127196,0.35232)(-0.706578,0.0359501)(-0.0863011,-0.565687)
(-0.127196,-0.35232)(0.00444626,0)(0.410379,-0.235484)(-0.0416787,-0.335578)
(-0.706578,-0.0359501)(0.410379,0.235484)(0.34035,0)(-0.556704,-0.336864)
(-0.0863011,0.565687)(-0.0416787,0.335578)(-0.556704,0.336864)(-0.140828,0)

63.0053
