0.5
(-0.14623,0)(-0.230481,0.136994)(0.0947022,0.101435)(0.0885317,0.0214439)
(-0.230481,-0.136994)(0.0535811,0)(-0.0975076,0.177847)(0.0692218,-0.141841)
(0.0947022,-0.101435)(-0.0975076,-0.177847)(-0.132039,0)(0.221107,-0.0801659)
(0.0885317,-0.0214439)(0.0692218,0.141841)(0.221107,0.0801659)(0.224688,0)

(-0.0608271,0)(0.0943705,0.542718)(0.0777758,-0.134803)(0.0768875,0.0241915)
(0.0943705,-0.542718)(0.181543,0)(0.0069338,-0.316013)(-0.145586,0.121054)
(0.0777758,0.134803)(0.0069338,0.316013)(0.0702413,0)(0.354954,0.0443176)
(0.0768875,-0.0241915)(-0.145586,-0.121054)(0.354954,-0.0443176)(-0.190957,0)

(0.0730699,0)(0.0418066,-0.0478333)(0.0239862,0.0625511)(0.049102,0.0630062)
(0.0418066,0.0478333)(-0.264082,0)(0.203403,0.100049)(0.100369,-0.283811)
(0.0239862,-0.0625511)(0.203403,-0.100049)(0.105026,0)(-0.113135,0.139359)
(0.049102,-0.0630062)(0.100369,0.283811)(-0.113135,-0.139359)(0.0859858,0)

(-0.0529602,0)(-0.27556,-0.215844)(-0.0189136,0.350164)(0.174174,0.155289)
(-0.27556,0.215844)(-0.0449016,0)(-0.0632891,-0.145914)(0.103736,-0.116728)
(-0.0189136,-0.350164)(-0.0632891,0.145914)(-0.165696,0)(-0.14537,0.152009)
(0.174174,-0.155289)(0.103736,0.116728)(-0.14537,-0.152009)(0.263557,0)

(0.0196631,0)(-0.340182,-0.0884984)(-0.156797,0.292084)(0.243487,0.23636)
(-0.340182,0.0884984)(-0.295964,0)(-0.158869,-0.363813)(0.147263,-0.11816)
(-0.156797,-0.292084)(-0.158869,0.363813)(0.0983178,0)(0.00463584,-0.0641252)
(0.243487,-0.23636)(0.147263,0.11816)(0.00463584,0.0641252)(0.177984,0)

(0.192697,0)(-0.165539,0.0464259)(0.351565,0.242105)(-0.0526493,0.115256)
(-0.165539,-0.0464259)(-0.150031,0)(-0.0476272,-0.269214)(-0.0903578,-0.108529)
(0.351565,-0.242105)(-0.0476272,0.269214)(-0.022693,0)(0.0293349,0.114478)
(-0.0526493,-0.115256)(-0.0903578,0.108529)(0.0293349,-0.114478)(-0.0199733,0)

(0.139308,0)(-0.252348,-0.0616331)(-0.23816,-0.224198)(0.20963,0.131429)
(-0.252348,0.0616331)(-0.190061,0)(-0.0926171,0.0374144)(0.084173,0.0262884)
(-0.23816,0.224198)(-0.0926171,-0.0374144)(0.202366,0)(0.105875,-0.0886351)
(0.20963,-0.131429)(0.084173,-0.0262884)(0.105875,0.0886351)(-0.151613,0)

(0.0034543,0)(0.0665329,0.0403333)(0.0740087,-0.201655)(0.0187715,0.110453)
(0.0665329,-0.0403333)(-0.0975111,0)(-0.0140898,-0.189738)(-0.276585,0.0739771)
(0.0740087,0.201655)(-0.0140898,0.189738)(0.435724,0)(-0.170019,0.0551093)
(0.0187715,-0.110453)(-0.276585,-0.0739771)(-0.170019,-0.0551093)(-0.341667,0)

(-0.0262079,0)(0.0310811,0.0534158)(-0.0388291,0.255955)(0.0324912,0.00539091)
(0.0310811,-0.0534158)(0.274145,0)(-0.0217482,-0.0530747)(0.0303107,-0.218735)
(-0.0388291,-0.255955)(-0.0217482,0.0530747)(-0.0927192,0)(0.0697193,0.0796832)
(0.0324912,-0.00539091)(0.0303107,0.218735)(0.0697193,-0.0796832)(-0.155218,0)

(-0.400536,0)(0.301445,0.290572)(-0.488272,-0.0990973)(0.109374,0.099512)
(0.301445,-0.290572)(-0.134681,0)(-0.643421,0.296626)(-0.417571,-0.358911)
(-0.488272,0.0990973)(-0.643421,-0.296626)(0.364205,0)(-0.426521,-0.30837)
(0.109374,-0.099512)(-0.417571,0.358911)(-0.426521,0.30837)(0.171012,0)

(0.320426,0)(-0.202144,-0.0705889)(0.318273,-0.420657)(-0.0938502,-0.603803)
(-0.202144,0.0705889)(-0.256338,0)(0.364577,0.134829)(0.0368497,-0.267389)
(0.318273,0.420657)(0.364577,-0.134829)(0.458088,0)(0.308731,0.726669)
(-0.0938502,0.603803)(0.0368497,0.267389)(0.308731,-0.726669)(-0.522176,0)

(-0.490344,0)(0.103076,0.159055)(-0.336002,0.362743)(0.111413,0.228975)
(0.103076,-0.159055)(0.265385,0)(0.201098,-0.302356)(-0.321718,0.252049)
(-0.336002,-0.362743)(0.201098,0.302356)(0.00199338,0)(0.00991131,-0.369834)
(0.111413,-0.228975)(-0.321718,-0.252049)(0.00991131,0.369834)(0.222965,0)

(0.373401,0)(0.126536,-0.197195)(-0.0968,0.466685)(0.182606,0.000742342)
(0.126536,0.197195)(-0.253592,0)(-0.0173047,0.172522)(0.377386,0.334365)
(-0.0968,-0.466685)(-0.0173047,-0.172522)(0.288484,0)(-0.11481,0.0555673)
(0.182606,-0.000742342)(0.377386,-0.334365)(-0.11481,-0.0555673)(-0.408293,0)

(0.18974,0)(-0.335419,-0.126214)(0.0866259,-0.292095)(0.3035,-0.0842279)
(-0.335419,0.126214)(-0.131399,0)(-0.0556703,0.279354)(0.0284521,-0.310805)
(0.0866259,0.292095)(-0.0556703,-0.279354)(0.00615613,0)(-0.539934,0.109207)
(0.3035,0.0842279)(0.0284521,0.310805)(-0.539934,-0.109207)(-0.0644974,0)

(-0.174541,0)(0.0511089,0.135017)(0.0475101,-0.274549)(0.207664,-0.00510873)
(0.0511089,-0.135017)(0.0979704,0)(0.0118261,-0.305955)(0.028117,0.376271)
(0.0475101,0.274549)(0.0118261,0.305955)(0.235845,0)(-0.644841,0.187321)
(0.207664,0.00510873)(0.028117,-0.376271)(-0.644841,-0.187321)(-0.159274,0)

(-0.103773,0)(-0.122364,0.482487)(-0.133426,0.143205)(-0.0956835,-0.167411)
(-0.122364,-0.482487)(-0.400256,0)(-0.437001,0.00370382)(0.217922,0.2773)
(-0.133426,-0.143205)(-0.437001,-0.00370382)(0.00378823,0)(-0.241489,0.0619807)
(-0.0956835,0.167411)(0.217922,-0.2773)(-0.241489,-0.0619807)(0.50024,0)

(-0.119267,0)(0.0847572,0.29265)(0.845222,-0.0871666)(-0.248281,0.71001)
(0.0847572,-0.29265)(-0.452138,0)(-0.188165,0.00736552)(0.128762,0.0422904)
(0.845222,0.0871666)(-0.188165,-0.00736552)(0.127494,0)(0.0477666,-0.320898)
(-0.248281,-0.71001)(0.128762,-0.0422904)(0.0477666,0.320898)(0.443911,0)

(-0.264222,0)(0.148551,-0.242003)(-0.36068,-0.0457454)(-0.211324,-0.0388728)
(0.148551,0.242003)(0.640452,0)(0.208547,-0.148092)(0.108625,-0.537145)
(-0.36068,0.0457454)(0.208547,0.148092)(-0.250443,0)(0.22753,0.143397)
(-0.211324,0.0388728)(0.108625,0.537145)(0.22753,-0.143397)(-0.125787,0)

63.0053
