0.5
(0.0949363,0)(0.364953,0.084157)(-0.246803,0.269827)(0.114508,0.0211669)
(0.364953,-0.084157)(-0.411251,0)(-0.0916634,-0.385691)(0.10823,-0.00973798)
(-0.246803,-0.269827)(-0.0916634,0.385691)(0.0102649,0)(0.0269929,0.111453)
(0.114508,-0.0211669)(0.10823,0.00973798)(0.0269929,-0.111453)(0.30605,0)

(-0.28841,0)(-0.0782153,7.09387e-005)(-0.0680207,-0.119193)(0.135936,0.091291)
(-0.0782153,-7.09387e-005)(0.0560282,0)(0.274113,0.0905969)(0.14297,-0.217573)
(-0.0680207,0.119193)(0.274113,-0.0905969)(0.315293,0)(0.0174023,-0.0648593)
(0.135936,-0.091291)(0.14297,0.217573)(0.0174023,0.0648593)(-0.0829113,0)

(-0.275805,0)(-0.193901,0.0655749)(0.272409,-0.23684)(0.254746,0.0305237)
(-0.193901,-0.0655749)(0.154497,0)(-0.0396773,-0.161881)(-0.129392,0.0584872)
(0.272409,0.23684)(-0.0396773,0.161881)(0.057905,0)(-0.0036709,-0.0943935)
(0.254746,-0.0305237)(-0.129392,-0.0584872)(-0.0036709,0.0943935)(0.0634032,0)

(-0.363121,0)(-0.252668,0.0483843)(0.0950428,0.151606)(0.188367,0.164527)
(-0.252668,-0.0483843)(-0.0577129,0)(0.188947,-0.0175258)(-0.0427564,-0.091939)
(0.0950428,-0.151606)(0.188947,0.0175258)(0.270415,0)(0.113917,-0.207517)
(0.188367,-0.164527)(-0.0427564,0.091939)(0.113917,0.207517)(0.150418,0)

(0.0329678,0)(-0.0177453,-0.0686932)(0.0968024,0.0194173)(-0.209251,-0.0993037)
(-0.0177453,0.0686932)(-0.0763899,0)(-0.0659511,-0.0474875)(0.0154935,-0.036653)
(0.0968024,-0.0194173)(-0.0659511,0.0474875)(0.121173,0)(0.0866292,-0.00938808)
(-0.209251,0.0993037)(0.0154935,0.036653)(0.0866292,0.00938808)(-0.0777511,0)

(0.365831,0)(-0.227379,-0.0107876)(-0.234738,-0.0764903)(-0.121871,-0.071303)
(-0.227379,0.0107876)(-0.166857,0)(-0.133966,-0.136911)(-0.12467,-0.0848266)
(-0.234738,0.0764903)(-0.133966,0.136911)(-0.17125,0)(-0.149783,-0.157446)
(-0.121871,0.071303)(-0.12467,0.0848266)(-0.149783,0.157446)(-0.0277235,0)

(-0.0587105,0)(0.32351,-0.0279741)(0.150243,0.0253131)(-0.249657,-0.00262497)
(0.32351,0.0279741)(0.0306868,0)(-0.146495,0.357718)(0.219808,0.103991)
(0.150243,-0.0253131)(-0.146495,-0.357718)(0.0437565,0)(-0.00462924,-0.0788705)
(-0.249657,0.00262497)(0.219808,-0.103991)(-0.00462924,0.0788705)(-0.0157328,0)

(0.462887,0)(0.212885,-0.0973418)(-0.170657,-0.0746749)(0.0951618,-0.100137)
(0.212885,0.0973418)(-0.244699,0)(-0.0810516,-0.251458)(-0.0796381,-0.195477)
(-0.170657,0.0746749)(-0.0810516,0.251458)(-0.0781475,0)(0.231665,-0.227339)
(0.0951618,0.100137)(-0.0796381,0.195477)(0.231665,0.227339)(-0.140041,0)

(0.521076,0)(-0.101552,0.0660711)(-0.0737675,-0.111414)(-0.0967977,-0.115679)
(-0.101552,-0.0660711)(0.00447924,0)(0.130959,0.217603)(-0.184575,-0.304057)
(-0.0737675,0.111414)(0.130959,-0.217603)(-0.272537,0)(-0.118294,-0.236547)
(-0.0967977,0.115679)(-0.184575,0.304057)(-0.118294,0.236547)(-0.253018,0)

(0.498646,0)(7.11185e-006,-0.158296)(0.0298121,0.0329461)(0.378559,-0.40189)
(7.11185e-006,0.158296)(-0.185587,0)(-0.153492,0.244117)(0.188126,-0.173645)
(0.0298121,-0.0329461)(-0.153492,-0.244117)(-0.548502,0)(0.0629088,0.22779)
(0.378559,0.40189)(0.188126,0.173645)(0.0629088,-0.22779)(0.235443,0)

(0.169608,0)(-0.272074,0.475084)(-0.0689724,0.0771574)(-0.110084,0.119365)
(-0.272074,-0.475084)(0.243783,0)(0.142734,0.0930695)(0.320301,-0.018126)
(-0.0689724,-0.0771574)(0.142734,-0.0930695)(-0.14113,0)(0.00382445,-0.030909)
(-0.110084,-0.119365)(0.320301,0.018126)(0.00382445,0.030909)(-0.272261,0)

(0.00792571,0)(-0.359783,0.0746313)(-0.100971,-0.321081)(0.241173,0.253236)
(-0.359783,-0.0746313)(0.397988,0)(-0.43306,-0.137326)(0.0636347,-0.0406678)
(-0.100971,0.321081)(-0.43306,0.137326)(-0.347373,0)(-0.185657,0.394436)
(0.241173,-0.253236)(0.0636347,0.0406678)(-0.185657,-0.394436)(-0.0585411,0)

(0.524989,0)(-0.277866,-0.634213)(-0.0196167,-0.310348)(0.0136978,0.0179635)
(-0.277866,0.634213)(-0.105251,0)(0.669219,0.176667)(0.44348,0.41587)
(-0.0196167,0.310348)(0.669219,-0.176667)(-0.63017,0)(0.382317,0.266239)
(0.0136978,-0.0179635)(0.44348,-0.41587)(0.382317,-0.266239)(0.210432,0)

(0.0698565,0)(-0.133818,-0.35128)(0.0534214,-0.0935428)(-0.34507,0.483381)
(-0.133818,0.35128)(-0.379521,0)(-0.0252,0.127772)(-0.0138295,0.0349118)
(0.0534214,0.0935428)(-0.0252,-0.127772)(0.0458402,0)(-0.0318009,0.29563)
(-0.34507,-0.483381)(-0.0138295,-0.0349118)(-0.0318009,-0.29563)(0.263824,0)

(-0.512829,0)(0.438706,-0.51487)(0.363879,-0.0854982)(0.0938889,-0.175354)
(0.438706,0.51487)(0.475406,0)(-0.0646179,-0.208813)(0.291035,-0.293704)
(0.363879,0.0854982)(-0.0646179,0.208813)(-0.37077,0)(-0.0932628,-0.0849766)
(0.0938889,0.175354)(0.291035,0.293704)(-0.0932628,0.0849766)(0.408192,0)

(0.486166,0)(-0.129973,-0.170006)(-0.0904005,0.297315)(-0.0631993,0.218686)
(-0.129973,0.170006)(-0.36417,0)(-0.253851,0.13431)(0.0424784,-0.111091)
(-0.0904005,-0.297315)(-0.253851,-0.13431)(0.559878,0)(-0.292758,-0.0369675)
(-0.0631993,-0.218686)(0.0424784,0.111091)(-0.292758,0.0369675)(-0.681874,0)

(-0.130352,0)(0.0916079,0.64211)(-0.518573,0.189411)(-0.184422,0.0110437)
(0.0916079,-0.64211)(-0.206348,0)(0.3435,0.165435)(-0.177975,1.07865)
(-0.518573,-0.189411)(0.3435,-0.165435)(0.15108,0)(-0.315098,-0.157386)
(-0.184422,-0.0110437)(-0.177975,-1.07865)(-0.315098,0.157386)(0.185621,0)

(-0.505162,0)(0.103471,-0.306225)(-0.301575,0.0850245)(0.334647,0.144552)
(0.103471,0.306225)(0.198256,0)(-0.303728,0.197943)(0.566559,-0.0117391)
(-0.301575,-0.0850245)(-0.303728,-0.197943)(0.0432883,0)(0.00327911,0.163012)
(0.334647,-0.144552)(0.566559,0.0117391)(0.00327911,-0.163012)(0.263617,0)

63.0053
