0.5
(-0.121079,0)(0.306057,-0.115457)(0.251162,-0.0329357)(-0.00209724,-0.0236714)
(0.306057,0.115457)(-0.229266,0)(0.142067,0.331553)(-0.126196,-0.0478546)
(0.251162,0.0329357)(0.142067,-0.331553)(0.364579,0)(-0.258997,0.0662933)
(-0.00209724,0.0236714)(-0.126196,0.0478546)(-0.258997,-0.0662933)(-0.0142337,0)

(0.188765,0)(0.0379463,-0.46311)(-0.265061,0.0904926)(-0.00877616,-0.210142)
(0.0379463,0.46311)(-0.174074,0)(-0.166753,0.133132)(-0.180992,-0.119146)
(-0.265061,-0.0904926)(-0.166753,-0.133132)(0.0761116,0)(-0.0598656,0.0374952)
(-0.00877616,0.210142)(-0.180992,0.119146)(-0.0598656,-0.0374952)(-0.0908029,0)

(-0.158111,0)(0.141134,0.002949)(0.188502,-0.0684597)(-0.0731567,0.0261326)
(0.141134,-0.002949)(-0.0496417,0)(0.00147941,0.162039)(-0.148826,-0.208324)
(0.188502,0.0684597)(0.00147941,-0.162039)(0.148435,0)(0.0966682,-0.0466538)
(-0.0731567,-0.0261326)(-0.148826,0.208324)(0.0966682,0.0466538)(0.0593182,0)

(-0.0890311,0)(-0.119829,0.099282)(0.267099,0.0951441)(0.0767631,0.00348943)
(-0.119829,-0.099282)(0.148005,0)(-0.0192866,0.106108)(-0.157644,0.0752948)
(0.267099,-0.0951441)(-0.0192866,-0.106108)(-0.144615,0)(0.120411,0.193359)
(0.0767631,-0.00348943)(-0.157644,-0.0752948)(0.120411,-0.193359)(0.0856406,0)

(-0.0533872,0)(0.159272,0.491966)(-0.205036,0.174407)(-0.32144,0.263692)
(0.159272,-0.491966)(-0.00160952,0)(-0.210172,0.321058)(0.404182,-0.0268688)
(-0.205036,-0.174407)(-0.210172,-0.321058)(0.0769764,0)(-0.189932,-0.127625)
(-0.32144,-0.263692)(0.404182,0.0268688)(-0.189932,0.127625)(-0.0219797,0)

(-0.0841174,0)(-0.164539,0.153951)(-0.105084,0.217894)(-0.192813,0.422578)
(-0.164539,-0.153951)(-0.0383418,0)(-0.0463951,0.0399069)(0.0700894,-0.101221)
(-0.105084,-0.217894)(-0.0463951,-0.0399069)(0.141972,0)(-0.0897083,0.196425)
(-0.192813,-0.422578)(0.0700894,0.101221)(-0.0897083,-0.196425)(-0.0195124,0)

(0.0340229,0)(0.304431,-0.189697)(0.00236705,0.21247)(0.124776,-0.248002)
(0.304431,0.189697)(-0.0051333,0)(0.241057,0.0576212)(-0.286344,-0.078414)
(0.00236705,-0.21247)(0.241057,-0.0576212)(0.148968,0)(-0.0521586,0.020959)
(0.124776,0.248002)(-0.286344,0.078414)(-0.0521586,-0.020959)(-0.177858,0)

(0.302428,0)(-0.0179605,-0.0974396)(-0.0586303,-0.0173473)(0.0738489,-0.140269)
(-0.0179605,0.0974396)(-0.222924,0)(-0.051607,-0.0806843)(-0.0526341,0.0644419)
(-0.0586303,0.0173473)(-0.051607,0.0806843)(-0.203187,0)(0.195179,-0.10666)
(0.0738489,0.140269)(-0.0526341,-0.0644419)(0.195179,0.10666)(0.123684,0)

(-0.329809,0)(-0.146962,-0.0571447)(-0.0462969,0.149253)(-0.109427,0.178261)
(-0.146962,0.0571447)(0.434242,0)(-0.262981,0.00585695)(-0.0119044,-0.116261)
(-0.0462969,-0.149253)(-0.262981,-0.00585695)(0.154264,0)(-0.183663,0.282894)
(-0.109427,-0.178261)(-0.0119044,0.116261)(-0.183663,-0.282894)(-0.258697,0)

(0.0767541,0)(0.213093,-0.514023)(0.111528,0.532736)(0.138018,0.393594)
(0.213093,0.514023)(0.306345,0)(0.0708448,0.0316841)(-0.120913,-0.0247175)
(0.111528,-0.532736)(0.0708448,-0.0316841)(-0.390103,0)(0.382708,-0.27354)
(0.138018,-0.393594)(-0.120913,0.0247175)(0.382708,0.27354)(0.0070042,0)

(-0.0481988,0)(0.0332229,0.207847)(0.545493,-0.0504042)(0.284,0.324502)
(0.0332229,-0.207847)(-0.23071,0)(-0.444477,0.446449)(0.185207,0.195529)
(0.545493,0.0504042)(-0.444477,-0.446449)(0.0881467,0)(0.363129,0.17514)
(0.284,-0.324502)(0.185207,-0.195529)(0.363129,-0.17514)(0.190762,0)

(0.230761,0)(0.152118,0.00434483)(-0.0649467,0.255315)(0.254306,-0.00778052)
(0.152118,-0.00434483)(-0.474877,0)(-0.300618,0.0811033)(0.260812,-0.222096)
(-0.0649467,-0.255315)(-0.300618,-0.0811033)(-0.0646428,0)(-0.01605,0.5355)
(0.254306,0.00778052)(0.260812,0.222096)(-0.01605,-0.5355)(0.308759,0)

(0.173309,0)(0.407951,-0.45083)(-0.318488,-0.272377)(-0.258933,0.238753)
(0.407951,0.45083)(-0.0603463,0)(-0.0791988,-0.117466)(0.12223,-0.246927)
(-0.318488,0.272377)(-0.0791988,0.117466)(0.153973,0)(0.0499441,0.235221)
(-0.258933,-0.238753)(0.12223,0.246927)(0.0499441,-0.235221)(-0.266936,0)

(0.274106,0)(0.354568,0.338715)(-0.33711,0.299822)(-0.154269,-0.520058)
(0.354568,-0.338715)(-0.193909,0)(-0.263311,0.12534)(-0.0811202,-0.518099)
(-0.33711,-0.299822)(-0.263311,-0.12534)(-0.401283,0)(0.608609,0.0480624)
(-0.154269,0.520058)(-0.0811202,0.518099)(0.608609,-0.0480624)(0.321086,0)

(0.526113,0)(-0.034562,-0.308655)(0.365682,0.376608)(-0.37462,0.389567)
(-0.034562,0.308655)(-0.425599,0)(0.0660523,-0.0803298)(-0.00232224,-0.240774)
(0.365682,-0.376608)(0.0660523,0.0803298)(0.218104,0)(0.625183,0.140077)
(-0.37462,-0.389567)(-0.00232224,0.240774)(0.625183,-0.140077)(-0.318618,0)

(-0.113935,0)(-0.318637,0.232102)(0.103076,0.142313)(-0.123119,-0.0407238)
(-0.318637,-0.232102)(0.108747,0)(0.855761,0.44798)(0.0525258,0.335103)
(0.103076,-0.142313)(0.855761,-0.44798)(0.277562,0)(-0.0841459,-0.275308)
(-0.123119,0.0407238)(0.0525258,-0.335103)(-0.0841459,0.275308)(-0.272374,0)

(0.528873,0)(-0.286151,0.299553)(0.142454,-0.318558)(-0.278445,-0.248694)
(-0.286151,-0.299553)(-0.318937,0)(0.0205266,0.326701)(0.30397,-0.371888)
(0.142454,0.318558)(0.0205266,-0.326701)(0.160023,0)(-0.101338,0.325466)
(-0.278445,0.248694)(0.30397,0.371888)(-0.101338,-0.325466)(-0.369959,0)

(-0.0908963,0)(-0.390926,-0.119046)(-0.0187642,-0.447344)(0.392348,0.149158)
(-0.390926,0.119046)(0.0446156,0)(0.108332,0.391652)(0.0325641,-0.271945)
(-0.0187642,0.447344)(0.108332,-0.391652)(-0.261289,0)(0.109011,0.185122)
(0.392348,-0.149158)(0.0325641,0.271945)(0.109011,-0.185122)(0.30757,0)

63.0053
