0.5
(0.273441,0)(-0.0351922,-0.290444)(0.0274919,-0.046295)(0.0343825,-0.236659)
(-0.0351922,0.290444)(-0.140421,0)(-0.336493,0.149402)(0.136223,-0.0252742)
(0.0274919,0.046295)(-0.336493,-0.149402)(-0.29671,0)(-0.09147,-0.239546)
(0.0343825,0.236659)(0.136223,0.0252742)(-0.09147,0.239546)(0.16369,0)

(0.0738196,0)(0.0665721,0.0609881)(-0.161241,0.107602)(0.0424993,0.0615122)
(0.0665721,-0.0609881)(-0.208875,0)(-0.33365,-0.1503)(0.286825,-0.279839)
(-0.161241,-0.107602)(-0.33365,0.1503)(-0.223963,0)(-0.0533742,-0.207438)
(0.0424993,-0.0615122)(0.286825,0.279839)(-0.0533742,0.207438)(0.359018,0)

(0.0761225,0)(0.185804,-0.0553187)(0.116251,-0.120458)(-0.194227,-0.119696)
(0.185804,0.0553187)(-0.00481373,0)(-0.080437,0.0303739)(0.0360942,0.0604761)
(0.116251,0.120458)(-0.080437,-0.0303739)(0.152034,0)(0.0233549,0.339262)
(-0.194227,0.119696)(0.0360942,-0.0604761)(0.0233549,-0.339262)(-0.223343,0)

(0.219955,0)(-0.0746079,0.302482)(0.0318364,-0.119277)(-0.316117,0.055442)
(-0.0746079,-0.302482)(0.0284535,0)(0.189083,0.14985)(0.0493651,0.0160387)
(0.0318364,0.119277)(0.189083,-0.14985)(-0.0950182,0)(0.149037,-0.165113)
(-0.316117,-0.055442)(0.0493651,-0.0160387)(0.149037,0.165113)(-0.15339,0)

(-0.313008,0)(0.0390359,-0.00530425)(-0.0970993,0.220513)(-0.132155,-0.0968592)
(0.0390359,0.00530425)(0.279897,0)(0.235751,0.213823)(-0.244078,-0.0831339)
(-0.0970993,-0.220513)(0.235751,-0.213823)(0.168341,0)(0.0256109,0.0750275)
(-0.132155,0.0968592)(-0.244078,0.0831339)(0.0256109,-0.0750275)(-0.13523,0)

(0.137976,0)(0.153784,-0.0960296)(-0.0908215,0.0606956)(0.426053,-0.174096)
(0.153784,0.0960296)(0.057623,0)(0.312032,-0.135424)(-0.03863,0.153004)
(-0.0908215,-0.0606956)(0.312032,0.135424)(-0.0523381,0)(-0.0186902,-0.281723)
(0.426053,0.174096)(-0.03863,-0.153004)(-0.0186902,0.281723)(-0.143261,0)

(-0.0253282,0)(0.0763214,0.351104)(-0.268579,0.123121)(-0.245426,-0.0151459)
(0.0763214,-0.351104)(0.253649,0)(-0.0719301,0.225797)(-0.0328642,0.12943)
(-0.268579,-0.123121)(-0.0719301,-0.225797)(-0.103423,0)(-0.101148,0.0500529)
(-0.245426,0.0151459)(-0.0328642,-0.12943)(-0.101148,-0.0500529)(-0.124898,0)

(-0.0412808,0)(-0.0982355,-0.0545934)(0.0919144,-0.235451)(-0.289359,-0.20524)
(-0.0982355,0.0545934)(0.0343465,0)(0.180499,-0.285625)(0.0762459,-0.0056375)
(0.0919144,0.235451)(0.180499,0.285625)(0.345522,0)(-0.158013,0.157321)
(-0.289359,0.20524)(0.0762459,0.0056375)(-0.158013,-0.157321)(-0.338587,0)

(-0.245157,0)(0.0808822,-0.185361)(0.0988135,0.193652)(0.256342,-0.00394092)
(0.0808822,0.185361)(-0.00298647,0)(-0.175579,0.122317)(-0.262073,-0.0311408)
(0.0988135,-0.193652)(-0.175579,-0.122317)(0.0538266,0)(-0.0472963,0.381105)
(0.256342,0.00394092)(-0.262073,0.0311408)(-0.0472963,-0.381105)(0.194317,0)

(-0.522728,0)(-0.243907,-0.149188)(0.312168,0.4649)(0.219345,-0.215797)
(-0.243907,0.149188)(0.183535,0)(-0.406961,-0.235956)(0.260693,-0.0841657)
(0.312168,-0.4649)(-0.406961,0.235956)(-0.0224723,0)(-0.167395,-0.0883644)
(0.219345,0.215797)(0.260693,0.0841657)(-0.167395,0.0883644)(0.361665,0)

(-0.67712,0)(-0.451777,-0.533799)(-0.0460039,-0.00453987)(0.0507122,-0.244241)
(-0.451777,0.533799)(0.0742681,0)(-0.0838434,0.142421)(0.252927,0.0950745)
(-0.0460039,0.00453987)(-0.0838434,-0.142421)(0.00714523,0)(-0.0677049,-0.121676)
(0.0507122,0.244241)(0.252927,-0.0950745)(-0.0677049,0.121676)(0.595707,0)

(0.0176148,0)(-0.395222,0.0469228)(0.182011,0.00658801)(-0.00159632,0.179254)
(-0.395222,-0.0469228)(0.239851,0)(0.0452613,0.121894)(-0.0390324,-0.261521)
(0.182011,-0.00658801)(0.0452613,-0.121894)(0.0264781,0)(-0.0521582,0.291934)
(-0.00159632,-0.179254)(-0.0390324,0.261521)(-0.0521582,-0.291934)(-0.283944,0)

(-0.701847,0)(-0.00636442,0.14635)(0.0588616,-0.338945)(-0.262971,0.112231)
(-0.00636442,-0.14635)(0.100297,0)(0.283551,-0.0858205)(-0.201187,0.0254829)
(0.0588616,0.338945)(0.283551,0.0858205)(0.45697,0)(-0.249311,0.0560399)
(-0.262971,-0.112231)(-0.201187,-0.0254829)(-0.249311,-0.0560399)(0.14458,0)

(0.288572,0)(0.22716,0.122381)(-0.0211679,-0.0787304)(-0.315781,0.17338)
(0.22716,-0.122381)(-0.0425266,0)(0.116955,0.188643)(-0.13698,-0.460988)
(-0.0211679,0.0787304)(0.116955,-0.188643)(-0.00336684,0)(-0.202844,0.0354471)
(-0.315781,-0.17338)(-0.13698,0.460988)(-0.202844,-0.0354471)(-0.242679,0)

(0.00811511,0)(-0.147589,-0.0012446)(0.12039,-0.0165773)(0.726127,0.0299287)
(-0.147589,0.0012446)(0.31245,0)(0.361886,-0.173445)(0.218554,0.276357)
(0.12039,0.0165773)(0.361886,0.173445)(-0.641676,0)(0.14868,0.116931)
(0.726127,-0.0299287)(0.218554,-0.276357)(0.14868,-0.116931)(0.321111,0)

(-1.12932,0)(-0.0415442,0.197696)(0.310855,-0.233339)(-0.445312,-0.316335)
(-0.0415442,-0.197696)(-0.177413,0)(0.208483,-0.0803741)(-0.29256,0.509779)
(0.310855,0.233339)(0.208483,0.0803741)(0.026765,0)(0.172504,0.0073332)
(-0.445312,0.316335)(-0.29256,-0.509779)(0.172504,-0.0073332)(1.27997,0)

(-0.0928937,0)(0.1568,0.0842578)(-0.0825325,-0.441631)(-0.364191,0.184429)
(0.1568,-0.0842578)(0.141333,0)(0.0878776,0.257464)(0.117708,-0.312601)
(-0.0825325,0.441631)(0.0878776,-0.257464)(0.106663,0)(0.331258,-0.10195)
(-0.364191,-0.184429)(0.117708,0.312601)(0.331258,0.10195)(-0.155102,0)

(-0.487649,0)(0.742549,0.0477303)(0.102509,-0.315669)(0.124112,-0.167981)
(0.742549,-0.0477303)(0.0970674,0)(-0.1731,0.489177)(0.44888,0.313829)
(0.102509,0.315669)(-0.1731,-0.489177)(-0.0594475,0)(0.0333239,-0.25141)
(0.124112,0.167981)(0.44888,-0.313829)(0.0333239,0.25141)(0.450029,0)

63.0053
