0.5
(-0.288164,0)(-0.26832,0.181011)(-0.302259,0.0424873)(0.0785137,0.0118922)
(-0.26832,-0.181011)(-0.0823526,0)(-0.0817137,-0.0197115)(-0.16667,0.0685271)
(-0.302259,-0.0424873)(-0.0817137,0.0197115)(0.285719,0)(-0.0916983,-0.158625)
(0.0785137,-0.0118922)(-0.16667,-0.0685271)(-0.0916983,0.158625)(0.0847977,0)

(0.0921735,0)(-0.0942496,-0.126544)(-0.0404025,-0.0354507)(-0.0770425,-0.177071)
(-0.0942496,0.126544)(-0.104066,0)(-0.255328,0.104041)(-0.143999,0.0475747)
(-0.0404025,0.0354507)(-0.255328,-0.104041)(-0.240459,0)(-0.12413,0.0883475)
(-0.0770425,0.177071)(-0.143999,-0.0475747)(-0.12413,-0.0883475)(0.252351,0)

(-0.0637815,0)(0.243167,0.290537)(0.262881,0.146271)(0.108264,0.0265351)
(0.243167,-0.290537)(0.0538554,0)(0.138591,-0.176273)(0.235274,0.0340636)
(0.262881,-0.146271)(0.138591,0.176273)(-0.200247,0)(-0.0232697,0.120615)
(0.108264,-0.0265351)(0.235274,-0.0340636)(-0.0232697,-0.120615)(0.210173,0)

(-0.0207264,0)(0.0867335,-0.0841733)(-0.218417,0.114341)(-0.405007,-0.213172)
(0.0867335,0.0841733)(0.217455,0)(-0.0713325,-0.0722281)(-0.0821374,0.198025)
(-0.218417,-0.114341)(-0.0713325,0.0722281)(-0.000264406,0)(-0.156678,-0.140336)
(-0.405007,0.213172)(-0.0821374,-0.198025)(-0.156678,0.140336)(-0.196464,0)

(-0.0939194,0)(0.0846148,-0.137934)(-0.106332,0.166616)(-0.00216025,0.0323933)
(0.0846148,0.137934)(0.181321,0)(0.312316,0.0813682)(0.00353897,0.153777)
(-0.106332,-0.166616)(0.312316,-0.0813682)(0.311292,0)(0.0817671,0.0511586)
(-0.00216025,-0.0323933)(0.00353897,-0.153777)(0.0817671,-0.0511586)(-0.398694,0)

(0.117614,0)(0.0388961,0.108444)(-0.0950671,-0.156254)(-0.00198305,-0.110737)
(0.0388961,-0.108444)(0.262032,0)(-0.257747,-0.12957)(-0.162586,-0.160188)
(-0.0950671,0.156254)(-0.257747,0.12957)(-0.123553,0)(0.185759,0.00328056)
(-0.00198305,0.110737)(-0.162586,0.160188)(0.185759,-0.00328056)(-0.256093,0)

(0.12405,0)(0.0656795,-0.115709)(-0.328876,0.0503094)(-0.0793997,-0.0393348)
(0.0656795,0.115709)(-0.480037,0)(0.0511584,-0.204914)(0.106618,0.0559521)
(-0.328876,-0.0503094)(0.0511584,0.204914)(-0.233953,0)(0.0810805,-0.0553748)
(-0.0793997,0.0393348)(0.106618,-0.0559521)(0.0810805,0.0553748)(0.58994,0)

(0.225186,0)(-0.0858413,0.111651)(0.240981,-0.0595383)(0.124653,-0.0252939)
(-0.0858413,-0.111651)(-0.249074,0)(-0.0180219,0.229523)(0.347533,-0.00389)
(0.240981,0.0595383)(-0.0180219,-0.229523)(-0.27955,0)(-0.22414,0.259212)
(0.124653,0.0252939)(0.347533,0.00389)(-0.22414,-0.259212)(0.303438,0)

(0.0524753,0)(-0.124804,0.465924)(0.204803,-0.102488)(-0.00291784,-0.0514445)
(-0.124804,-0.465924)(-0.253902,0)(0.0626297,-0.240535)(0.138049,0.0587565)
(0.204803,0.102488)(0.0626297,0.240535)(-0.00279499,0)(-0.144082,-0.0565144)
(-0.00291784,0.0514445)(0.138049,-0.0587565)(-0.144082,0.0565144)(0.204221,0)

(0.716152,0)(0.490673,-0.466322)(-0.0692627,0.0485232)(0.0494807,-0.387644)
(0.490673,0.466322)(-0.337097,0)(-0.245887,-0.0940723)(0.32615,0.110653)
(-0.0692627,-0.0485232)(-0.245887,0.0940723)(-0.0861665,0)(0.341473,0.119956)
(0.0494807,0.387644)(0.32615,-0.110653)(0.341473,-0.119956)(-0.292888,0)

(0.00298005,0)(0.24198,0.117758)(-0.412717,0.28096)(-0.441854,0.424378)
(0.24198,-0.117758)(-0.463712,0)(-0.00137136,-0.109192)(0.0371048,-0.0751719)
(-0.412717,-0.28096)(-0.00137136,0.109192)(0.378935,0)(-0.219004,0.432344)
(-0.441854,-0.424378)(0.0371048,0.0751719)(-0.219004,-0.432344)(0.0817975,0)

(-0.104956,0)(-0.315437,-0.0589403)(0.6404,0.0988367)(-0.118052,0.0121087)
(-0.315437,0.0589403)(0.268002,0)(0.284173,0.0462646)(-0.405796,-0.252285)
(0.6404,-0.0988367)(0.284173,-0.0462646)(-0.0638735,0)(-0.629934,-0.20832)
(-0.118052,-0.0121087)(-0.405796,0.252285)(-0.629934,0.20832)(-0.099172,0)

(0.421455,0)(0.0827604,0.173481)(-0.193192,0.252269)(-0.0734264,0.0875536)
(0.0827604,-0.173481)(-0.145206,0)(-0.095244,0.0554127)(-0.118766,0.679223)
(-0.193192,-0.252269)(-0.095244,-0.0554127)(-0.100026,0)(-0.499422,0.107124)
(-0.0734264,-0.0875536)(-0.118766,-0.679223)(-0.499422,-0.107124)(-0.176223,0)

(0.320033,0)(0.198993,0.340147)(-0.15162,0.145054)(-0.0252106,0.0457066)
(0.198993,-0.340147)(-0.0983439,0)(-0.377777,0.307358)(-0.23395,0.375843)
(-0.15162,-0.145054)(-0.377777,-0.307358)(-0.183784,0)(0.390522,-0.0922356)
(-0.0252106,-0.0457066)(-0.23395,-0.375843)(0.390522,0.0922356)(-0.0379053,0)

(0.570294,0)(0.0213031,0.00372374)(-0.481095,-0.387996)(0.623702,-0.20695)
(0.0213031,-0.00372374)(-0.454541,0)(0.439679,0.0712635)(0.169712,0.194706)
(-0.481095,0.387996)(0.439679,-0.0712635)(0.193723,0)(0.0031086,-0.320407)
(0.623702,0.20695)(0.169712,-0.194706)(0.0031086,0.320407)(-0.309476,0)

(-0.401957,0)(-0.244908,-0.236156)(-0.343958,-0.333856)(0.250282,-0.149168)
(-0.244908,0.236156)(0.327912,0)(-0.414215,0.332017)(-0.354202,0.366875)
(-0.343958,0.333856)(-0.414215,-0.332017)(0.089159,0)(0.208939,0.245898)
(0.250282,0.149168)(-0.354202,-0.366875)(0.208939,-0.245898)(-0.0151132,0)

(-0.0899802,0)(0.377307,0.237715)(-0.0680293,-0.135692)(-0.117386,0.341308)
(0.377307,-0.237715)(0.16837,0)(-0.123485,0.0581121)(-0.123742,-0.182698)
(-0.0680293,0.135692)(-0.123485,-0.0581121)(0.0260817,0)(-0.614188,-0.0795305)
(-0.117386,-0.341308)(-0.123742,0.182698)(-0.614188,0.0795305)(-0.104472,0)

(0.0317951,0)(0.0273996,-0.0421782)(0.463888,0.0137316)(-0.210641,0.405847)
(0.0273996,0.0421782)(0.768615,0)(-0.179133,0.0733931)(0.0430829,0.121924)
(0.463888,-0.0137316)(-0.179133,-0.0733931)(-0.583983,0)(-0.155404,-0.146579)
(-0.210641,-0.405847)(0.0430829,-0.121924)(-0.155404,0.146579)(-0.216427,0)

63.0053
