0.5
(0.434745,0)(0.0298388,0.214685)(-0.0337175,0.193972)(-0.0530833,-0.0128669)
(0.0298388,-0.214685)(-0.0250194,0)(0.0627135,0.283834)(-0.0922281,-0.108322)
(-0.0337175,-0.193972)(0.0627135,-0.283834)(-0.0913614,0)(0.237367,0.0157309)
(-0.0530833,0.0128669)(-0.0922281,0.108322)(0.237367,-0.0157309)(-0.318365,0)

(-0.224036,0)(-0.123866,0.0387775)(0.0271952,0.249689)(0.0279332,0.059584)
(-0.123866,-0.0387775)(0.0922211,0)(-0.0292986,0.358775)(-0.161238,0.404392)
(0.0271952,-0.249689)(-0.0292986,-0.358775)(0.218428,0)(0.042675,-0.212149)
(0.0279332,-0.059584)(-0.161238,-0.404392)(0.042675,0.212149)(-0.0866133,0)

(-0.529069,0)(-0.0910401,0.0277315)(0.155408,0.0531202)(0.221751,0.05459)
(-0.0910401,-0.0277315)(0.271338,0)(-0.0756774,-0.115931)(-0.0276555,0.46604)
(0.155408,-0.0531202)(-0.0756774,0.115931)(0.0646405,0)(-0.0853513,-0.23892)
(0.221751,-0.05459)(-0.0276555,-0.46604)(-0.0853513,0.23892)(0.193091,0)

(-0.135235,0)(-0.03955,-0.112033)(-0.0943929,-0.0904492)(0.260792,-0.327134)
(-0.03955,0.112033)(-0.229407,0)(-0.086675,-0.0316332)(-0.000372375,0.312364)
(-0.0943929,0.0904492)(-0.086675,0.0316332)(0.19272,0)(0.0919781,-0.131822)
(0.260792,0.327134)(-0.000372375,-0.312364)(0.0919781,0.131822)(0.171923,0)

(0.0903188,0)(-0.144674,-0.138092)(0.0141624,0.120379)(-0.142611,-0.0979394)
(-0.144674,0.138092)(-0.120008,0)(-0.137443,0.0642972)(-0.2075,0.359403)
(0.0141624,-0.120379)(-0.137443,-0.0642972)(-0.0277696,0)(-0.049457,-0.162192)
(-0.142611,0.0979394)(-0.2075,-0.359403)(-0.049457,0.162192)(0.0574587,0)

(0.106388,0)(-0.0120691,-0.148177)(-0.079262,0.149495)(-0.138007,0.242693)
(-0.0120691,0.148177)(-0.010354,0)(0.0352633,-0.050545)(-0.00328991,-0.0548088)
(-0.079262,-0.149495)(0.0352633,0.050545)(0.0487528,0)(0.110357,0.275446)
(-0.138007,-0.242693)(-0.00328991,0.0548088)(0.110357,-0.275446)(-0.144787,0)

(-0.0468835,0)(0.0298783,-0.0703739)(0.0467005,-0.0309747)(0.093339,0.210211)
(0.0298783,0.0703739)(0.0905893,0)(-0.0350872,0.196474)(0.0288023,-0.118858)
(0.0467005,0.0309747)(-0.0350872,-0.196474)(-0.0555923,0)(0.147836,0.0330443)
(0.093339,-0.210211)(0.0288023,0.118858)(0.147836,-0.0330443)(0.0118864,0)

(0.226933,0)(-0.085722,-0.13825)(-0.0355133,-0.335139)(-0.275315,-0.255872)
(-0.085722,0.13825)(-0.124037,0)(-0.0687024,-0.138495)(-0.0281041,-0.100871)
(-0.0355133,0.335139)(-0.0687024,0.138495)(0.0406557,0)(0.111142,0.0470425)
(-0.275315,0.255872)(-0.0281041,0.100871)(0.111142,-0.0470425)(-0.143552,0)

(-0.168653,0)(-0.146925,-0.23605)(-0.0284154,0.179885)(-0.166347,-0.301647)
(-0.146925,0.23605)(0.0895504,0)(-0.272261,0.34598)(-0.302066,0.43928)
(-0.0284154,-0.179885)(-0.272261,-0.34598)(0.130072,0)(0.059697,-0.134728)
(-0.166347,0.301647)(-0.302066,-0.43928)(0.059697,0.134728)(-0.0509694,0)

(0.304032,0)(0.085674,-0.0632794)(0.3806,0.0500498)(-0.0708197,-0.0258354)
(0.085674,0.0632794)(0.293522,0)(0.00279851,0.176735)(-0.284772,0.131807)
(0.3806,-0.0500498)(0.00279851,-0.176735)(0.234772,0)(0.0114745,0.250674)
(-0.0708197,0.0258354)(-0.284772,-0.131807)(0.0114745,-0.250674)(-0.832326,0)

(0.0583194,0)(-0.382322,0.149319)(-0.24325,0.155971)(-0.211915,0.324824)
(-0.382322,-0.149319)(0.0252508,0)(-0.0485212,0.153291)(0.127294,-0.139617)
(-0.24325,-0.155971)(-0.0485212,-0.153291)(-0.0782973,0)(0.158216,-0.449839)
(-0.211915,-0.324824)(0.127294,0.139617)(0.158216,0.449839)(-0.00527286,0)

(0.306879,0)(0.379069,0.169687)(1.04339,-0.0868251)(0.704512,0.173866)
(0.379069,-0.169687)(-0.196988,0)(0.303201,-0.406447)(-0.226885,0.363484)
(1.04339,0.0868251)(0.303201,0.406447)(0.231543,0)(-0.199994,0.173907)
(0.704512,-0.173866)(-0.226885,-0.363484)(-0.199994,-0.173907)(-0.341434,0)

(-0.261138,0)(-0.373034,-0.0197239)(0.0635789,0.00423902)(-0.56676,0.45846)
(-0.373034,0.0197239)(0.785985,0)(-0.168008,-0.286332)(0.149084,-0.196172)
(0.0635789,-0.00423902)(-0.168008,0.286332)(-0.499326,0)(-0.127585,0.0223004)
(-0.56676,-0.45846)(0.149084,0.196172)(-0.127585,-0.0223004)(-0.0255214,0)

(0.30584,0)(-0.120692,0.059311)(-0.0185602,-0.151411)(-0.112737,0.158745)
(-0.120692,-0.059311)(-0.297982,0)(0.357547,0.257949)(0.15785,0.170734)
(-0.0185602,0.151411)(0.357547,-0.257949)(-0.0619536,0)(-0.189843,-0.0464444)
(-0.112737,-0.158745)(0.15785,-0.170734)(-0.189843,0.0464444)(0.054096,0)

(0.00212003,0)(-0.346844,0.0768129)(-0.268516,-0.369299)(0.399817,-0.645574)
(-0.346844,-0.0768129)(0.400895,0)(0.113973,0.358691)(-0.519649,-0.327984)
(-0.268516,0.369299)(0.113973,-0.358691)(-0.162087,0)(-0.157315,-0.122729)
(0.399817,0.645574)(-0.519649,0.327984)(-0.157315,0.122729)(-0.240928,0)

(0.0440842,0)(-0.270766,-0.325811)(-0.0451963,-0.454906)(0.224931,-0.00189006)
(-0.270766,0.325811)(0.299979,0)(0.205234,0.294176)(-0.236709,-0.0688393)
(-0.0451963,0.454906)(0.205234,-0.294176)(0.0612782,0)(0.0473273,-0.0736639)
(0.224931,0.00189006)(-0.236709,0.0688393)(0.0473273,0.0736639)(-0.405341,0)

(0.342061,0)(0.651444,-0.385398)(0.447902,-0.152681)(-0.00975824,0.183173)
(0.651444,0.385398)(-0.724337,0)(-0.00667471,0.26186)(0.0240184,0.15871)
(0.447902,0.152681)(-0.00667471,-0.26186)(0.321341,0)(0.218019,0.362773)
(-0.00975824,-0.183173)(0.0240184,-0.15871)(0.218019,-0.362773)(0.0609343,0)

(0.304229,0)(0.169526,-0.276108)(-0.232391,-0.0189604)(0.217131,0.342264)
(0.169526,0.276108)(-0.256337,0)(0.25298,0.254986)(-0.565919,-0.298686)
(-0.232391,0.0189604)(0.25298,-0.254986)(0.465914,0)(-0.102392,0.189321)
(0.217131,-0.342264)(-0.565919,0.298686)(-0.102392,-0.189321)(-0.513805,0)

63.0053
