0.5
(0.0151962,0)(0.126851,0.0221955)(-0.0260814,-0.127798)(0.312739,0.284208)
(0.126851,-0.0221955)(0.0650457,0)(-0.0764243,0.383097)(0.0615745,0.0227714)
(-0.0260814,0.127798)(-0.0764243,-0.383097)(-0.148073,0)(-0.0188108,0.0517947)
(0.312739,-0.284208)(0.0615745,-0.0227714)(-0.0188108,-0.0517947)(0.0678312,0)

(0.195336,0)(-0.178522,-0.0604265)(0.159361,0.206629)(0.151523,-0.0403233)
(-0.178522,0.0604265)(-0.109668,0)(0.14776,0.0841854)(-0.137444,-0.310747)
(0.159361,-0.206629)(0.14776,-0.0841854)(0.148895,0)(0.285159,-0.150547)
(0.151523,0.0403233)(-0.137444,0.310747)(0.285159,0.150547)(-0.234562,0)

(-0.071642,0)(-0.022353,-0.0457861)(-0.0804552,-0.0517453)(-0.0626705,0.0346306)
(-0.022353,0.0457861)(-0.0810202,0)(-0.012075,0.131999)(0.0205288,0.034277)
(-0.0804552,0.0517453)(-0.012075,-0.131999)(0.231134,0)(-0.204575,0.0805615)
(-0.0626705,-0.0346306)(0.0205288,-0.034277)(-0.204575,-0.0805615)(-0.0784717,0)

(-0.00106696,0)(-0.0239442,0.436207)(-0.00578999,0.0798502)(0.176637,0.425117)
(-0.0239442,-0.436207)(-0.0683484,0)(0.206864,-0.116581)(0.0179758,-0.0502501)
(-0.00578999,-0.0798502)(0.206864,0.116581)(-0.152012,0)(0.0645402,0.0764645)
(0.176637,-0.425117)(0.0179758,0.0502501)(0.0645402,-0.0764645)(0.221427,0)

(0.251323,0)(0.0522819,-0.0553268)(0.125695,-0.00883948)(-0.185571,0.031999)
(0.0522819,0.0553268)(0.280991,0)(0.0468192,0.215968)(0.0686563,0.0291846)
(0.125695,0.00883948)(0.0468192,-0.215968)(-0.0298829,0)(-0.0553143,-0.063612)
(-0.185571,-0.031999)(0.0686563,-0.0291846)(-0.0553143,0.063612)(-0.502431,0)

(0.00940898,0)(-0.186491,0.512788)(-0.0924611,0.183706)(0.0893039,0.147051)
(-0.186491,-0.512788)(0.0792907,0)(0.315029,-0.10036)(0.037007,-0.234298)
(-0.0924611,-0.183706)(0.315029,0.10036)(-0.186671,0)(-0.0834835,-0.161307)
(0.0893039,-0.147051)(0.037007,0.234298)(-0.0834835,0.161307)(0.0979716,0)

(-0.0397297,0)(-0.158021,-0.106619)(0.0892742,-0.18266)(0.0663771,-0.00577848)
(-0.158021,0.106619)(0.106189,0)(0.136516,-0.012772)(0.106849,0.13958)
(0.0892742,0.18266)(0.136516,0.012772)(-0.0234498,0)(-0.0702523,-0.235286)
(0.0663771,0.00577848)(0.106849,-0.13958)(-0.0702523,0.235286)(-0.0430091,0)

(-0.184785,0)(-0.265047,0.103373)(-0.0943336,0.271116)(0.354827,-0.131452)
(-0.265047,-0.103373)(0.276354,0)(-0.0104331,-0.302335)(0.206389,-0.0353172)
(-0.0943336,-0.271116)(-0.0104331,0.302335)(-0.119487,0)(-0.112316,-0.00599927)
(0.354827,0.131452)(0.206389,0.0353172)(-0.112316,0.00599927)(0.0279178,0)

(-0.147724,0)(-0.0726204,-0.0573773)(-0.00175195,0.104267)(-0.16681,-0.0634148)
(-0.0726204,0.0573773)(0.105837,0)(-0.111607,0.0239767)(0.0661394,-0.00215198)
(-0.00175195,-0.104267)(-0.111607,-0.0239767)(-0.0387494,0)(0.145325,-0.0424237)
(-0.16681,0.0634148)(0.0661394,0.00215198)(0.145325,0.0424237)(0.0806371,0)

(0.955035,0)(0.0121942,0.209727)(-0.360333,-0.512443)(-0.113632,-0.275679)
(0.0121942,-0.209727)(-0.71241,0)(0.838804,0.343974)(-0.203356,0.370063)
(-0.360333,0.512443)(0.838804,-0.343974)(-0.292665,0)(0.0695018,-0.10399)
(-0.113632,0.275679)(-0.203356,-0.370063)(0.0695018,0.10399)(0.0500402,0)

(-0.36601,0)(0.434785,0.249877)(-0.138583,0.163013)(-0.0494268,-0.121669)
(0.434785,-0.249877)(-0.449896,0)(-0.0104947,0.107386)(0.470505,0.175863)
(-0.138583,-0.163013)(-0.0104947,-0.107386)(0.64664,0)(0.0936135,0.283771)
(-0.0494268,0.121669)(0.470505,-0.175863)(0.0936135,-0.283771)(0.169266,0)

(0.789438,0)(-0.191228,-0.151646)(0.00147149,0.391193)(-0.047468,-0.0747624)
(-0.191228,0.151646)(-0.111625,0)(0.148693,0.210268)(-0.333358,0.0952455)
(0.00147149,-0.391193)(0.148693,-0.210268)(-0.983675,0)(-0.151314,-0.0432304)
(-0.047468,0.0747624)(-0.333358,-0.0952455)(-0.151314,0.0432304)(0.305863,0)

(-0.139479,0)(0.131603,-0.210498)(0.279795,0.383546)(-0.0278824,-0.0411553)
(0.131603,0.210498)(0.420243,0)(-0.416786,0.30124)(-0.530906,-0.113543)
(0.279795,-0.383546)(-0.416786,-0.30124)(-0.226668,0)(-0.376381,-0.144673)
(-0.0278824,0.0411553)(-0.530906,0.113543)(-0.376381,0.144673)(-0.0540967,0)

(-0.594719,0)(-0.161367,0.343166)(0.15284,-0.452156)(-0.0535622,0.266593)
(-0.161367,-0.343166)(-0.00783559,0)(-0.250494,0.0159258)(-0.0402059,0.0571531)
(0.15284,0.452156)(-0.250494,-0.0159258)(0.484878,0)(0.123162,0.00759315)
(-0.0535622,-0.266593)(-0.0402059,-0.0571531)(0.123162,-0.00759315)(0.117676,0)

(-0.166078,0)(-0.411638,0.101234)(-0.20259,-0.193411)(0.0882574,-0.0867904)
(-0.411638,-0.101234)(-0.090437,0)(-0.469018,0.365725)(0.274458,0.178304)
(-0.20259,0.193411)(-0.469018,-0.365725)(0.297402,0)(-0.0395435,-0.130665)
(0.0882574,0.0867904)(0.274458,-0.178304)(-0.0395435,0.130665)(-0.040887,0)

(-0.00318531,0)(-0.185226,-0.0484941)(0.451123,-0.464996)(-0.0431532,-0.282249)
(-0.185226,0.0484941)(0.0707365,0)(0.118828,0.291023)(0.561059,-0.195628)
(0.451123,0.464996)(0.118828,-0.291023)(-0.747905,0)(-0.390601,-0.261865)
(-0.0431532,0.282249)(0.561059,0.195628)(-0.390601,0.261865)(0.680354,0)

(-0.580177,0)(-0.149059,-0.23977)(-0.269859,0.20829)(-0.33422,-0.199092)
(-0.149059,0.23977)(0.353848,0)(0.632889,-0.468528)(-0.175115,0.190823)
(-0.269859,-0.20829)(0.632889,0.468528)(0.162043,0)(0.109143,0.192111)
(-0.33422,0.199092)(-0.175115,-0.190823)(0.109143,-0.192111)(0.0642859,0)

(0.442258,0)(-0.445675,0.0309778)(-0.130036,-0.0941266)(-0.237996,-0.0978838)
(-0.445675,-0.0309778)(-0.216005,0)(0.244846,-0.237622)(0.391955,0.0573564)
(-0.130036,0.0941266)(0.244846,0.237622)(-0.0711859,0)(0.211206,0.379762)
(-0.237996,0.0978838)(0.391955,-0.0573564)(0.211206,-0.379762)(-0.155067,0)

63.0053
