0.5
(-0.256202,0)(-0.034232,0.177617)(-0.129544,0.0110922)(-0.048342,0.244685)
(-0.034232,-0.177617)(-0.289843,0)(0.0356353,-0.0177189)(0.161279,0.0439585)
(-0.129544,-0.0110922)(0.0356353,0.0177189)(0.468646,0)(0.230074,-0.170617)
(-0.048342,-0.244685)(0.161279,-0.0439585)(0.230074,0.170617)(0.077398,0)

(0.176114,0)(-0.190719,0.0965469)(-0.261476,-0.0996959)(0.182822,-0.0044839)
(-0.190719,-0.0965469)(0.191779,0)(0.236588,0.0289402)(0.0997749,-0.13842)
(-0.261476,0.0996959)(0.236588,-0.0289402)(-0.127098,0)(-0.0779785,0.371717)
(0.182822,0.0044839)(0.0997749,0.13842)(-0.0779785,-0.371717)(-0.240796,0)

(0.0756777,0)(0.281377,0.0873401)(0.0957271,0.165701)(-0.061714,0.138959)
(0.281377,-0.0873401)(0.044017,0)(0.058193,-0.155159)(0.300663,0.0737402)
(0.0957271,-0.165701)(0.058193,0.155159)(-0.0691157,0)(0.0125767,0.0565033)
(-0.061714,-0.138959)(0.300663,-0.0737402)(0.0125767,-0.0565033)(-0.050579,0)

(0.0743605,0)(-0.177177,0.0233075)(-0.00926135,-0.0267439)(-0.192797,-0.272956)
(-0.177177,-0.0233075)(-0.126492,0)(-0.0694063,0.127898)(0.00893737,-0.114656)
(-0.00926135,0.0267439)(-0.0694063,-0.127898)(-0.0177479,0)(-0.00723648,-0.0692552)
(-0.192797,0.272956)(0.00893737,0.114656)(-0.00723648,0.0692552)(0.069879,0)

(-0.318042,0)(0.274129,-0.042671)(-0.172939,-0.150014)(-0.0343609,0.0372782)
(0.274129,0.042671)(0.349333,0)(-0.00996235,0.287643)(-0.256226,-0.116979)
(-0.172939,0.150014)(-0.00996235,-0.287643)(-0.131087,0)(0.237009,-0.0365389)
(-0.0343609,-0.0372782)(-0.256226,0.116979)(0.237009,0.0365389)(0.0997966,0)

(-0.0718338,0)(-0.0774257,0.254737)(0.0936021,0.046764)(0.167924,-0.0497282)
(-0.0774257,-0.254737)(-0.0568415,0)(-0.154391,0.173178)(0.219227,0.197755)
(0.0936021,-0.046764)(-0.154391,-0.173178)(0.1173,0)(-0.0319011,0.186659)
(0.167924,0.0497282)(0.219227,-0.197755)(-0.0319011,-0.186659)(0.0113753,0)

(-0.0382569,0)(0.0528397,0.193299)(-0.000120986,0.125497)(0.0729536,0.228054)
(0.0528397,-0.193299)(0.139297,0)(-0.0317292,-0.219375)(-0.0408055,0.136225)
(-0.000120986,-0.125497)(-0.0317292,0.219375)(-0.0651016,0)(0.0830786,-0.121161)
(0.0729536,-0.228054)(-0.0408055,-0.136225)(0.0830786,0.121161)(-0.0359384,0)

(0.0319389,0)(0.0652451,-0.0586192)(0.20251,0.00293512)(-0.0320643,0.0294317)
(0.0652451,0.0586192)(-0.0403818,0)(0.155082,0.225099)(-0.055882,-0.140042)
(0.20251,-0.00293512)(0.155082,-0.225099)(-0.0385195,0)(-0.00288965,-0.144246)
(-0.0320643,-0.0294317)(-0.055882,0.140042)(-0.00288965,0.144246)(0.0469624,0)

(0.0500654,0)(0.0184352,0.0313147)(-0.238961,-0.218697)(0.263954,0.235035)
(0.0184352,-0.0313147)(0.26456,0)(-0.286339,0.19858)(-0.112253,0.00422291)
(-0.238961,0.218697)(-0.286339,-0.19858)(0.0373099,0)(0.192695,-0.0539339)
(0.263954,-0.235035)(-0.112253,-0.00422291)(0.192695,0.0539339)(-0.351935,0)

(0.119491,0)(-0.405969,0.142972)(0.10248,-0.315261)(-0.392335,0.238532)
(-0.405969,-0.142972)(-0.0528396,0)(0.260938,0.267167)(0.0291603,0.13692)
(0.10248,0.315261)(0.260938,-0.267167)(0.618139,0)(-0.0966824,-0.19318)
(-0.392335,-0.238532)(0.0291603,-0.13692)(-0.0966824,0.19318)(-0.684791,0)

(0.108444,0)(-0.288613,-0.181722)(0.221841,0.0635116)(-0.195701,0.161191)
(-0.288613,0.181722)(0.243474,0)(0.0409565,0.460813)(0.130795,0.0112809)
(0.221841,-0.0635116)(0.0409565,-0.460813)(0.0380648,0)(0.324597,-0.165013)
(-0.195701,-0.161191)(0.130795,-0.0112809)(0.324597,0.165013)(-0.389983,0)

(0.611066,0)(-0.560174,-0.389442)(0.284057,0.486984)(-0.378243,0.244708)
(-0.560174,0.389442)(-0.162358,0)(0.137616,0.0390797)(0.0127979,0.21548)
(0.284057,-0.486984)(0.137616,-0.0390797)(-0.337846,0)(0.0927059,0.015691)
(-0.378243,-0.244708)(0.0127979,-0.21548)(0.0927059,-0.015691)(-0.110862,0)

(-0.26956,0)(-0.292777,-0.226823)(-0.393961,0.579874)(-0.188242,0.0972807)
(-0.292777,0.226823)(0.334162,0)(0.151564,0.479913)(0.509564,0.226221)
(-0.393961,-0.579874)(0.151564,-0.479913)(-0.315924,0)(-0.00354238,-0.0951403)
(-0.188242,-0.0972807)(0.509564,-0.226221)(-0.00354238,0.0951403)(0.251321,0)

(-0.645102,0)(-0.462947,0.14562)(-0.00154469,0.019698)(0.1875,0.0669606)
(-0.462947,-0.14562)(1.28629,0)(-0.141824,0.695815)(-0.356497,-0.0237699)
(-0.00154469,-0.019698)(-0.141824,-0.695815)(-0.186504,0)(-0.0438926,-0.399638)
(0.1875,-0.0669606)(-0.356497,0.0237699)(-0.0438926,0.399638)(-0.454681,0)

(-0.306257,0)(0.0711731,-0.398264)(-0.760086,0.429801)(0.239569,-0.678458)
(0.0711731,0.398264)(0.146669,0)(0.124248,0.382167)(0.304794,0.485853)
(-0.760086,-0.429801)(0.124248,-0.382167)(0.283874,0)(-0.19361,-0.382289)
(0.239569,0.678458)(0.304794,-0.485853)(-0.19361,0.382289)(-0.124285,0)

(-0.00677686,0)(-0.0347612,-0.219979)(-0.0800415,0.341631)(-0.109318,0.242956)
(-0.0347612,0.219979)(0.151007,0)(-0.0371722,0.0375747)(-0.160044,-0.131497)
(-0.0800415,-0.341631)(-0.0371722,-0.0375747)(-0.14719,0)(-0.102605,-0.0944885)
(-0.109318,-0.242956)(-0.160044,0.131497)(-0.102605,0.0944885)(0.00296006,0)

(0.151699,0)(-0.027299,0.318755)(0.155665,-0.0514654)(-0.0214704,0.0847375)
(-0.027299,-0.318755)(0.284904,0)(0.594598,0.183107)(0.139393,-0.324363)
(0.155665,0.0514654)(0.594598,-0.183107)(-0.209703,0)(0.333545,-0.261661)
(-0.0214704,-0.0847375)(0.139393,0.324363)(0.333545,0.261661)(-0.2269,0)

(-0.459425,0)(0.180924,0.100517)(-0.529855,0.0669722)(0.662261,0.0694559)
(0.180924,-0.100517)(0.0710639,0)(-0.181606,0.351094)(-0.39535,-0.454494)
(-0.529855,-0.0669722)(-0.181606,-0.351094)(0.0551862,0)(0.252706,0.0743671)
(0.662261,-0.0694559)(-0.39535,0.454494)(0.252706,-0.0743671)(0.333175,0)

63.0053
