0.5
(-0.0277602,0)(-0.0933919,0.476726)(0.0394019,-0.0766443)(0.0616233,0.0516683)
(-0.0933919,-0.476726)(-0.0122108,0)(-0.0414687,0.123641)(0.0684105,0.131944)
(0.0394019,0.0766443)(-0.0414687,-0.123641)(-0.328921,0)(0.204716,-0.0801222)
(0.0616233,-0.0516683)(0.0684105,-0.131944)(0.204716,0.0801222)(0.368892,0)

(0.0246071,0)(0.0654911,0.142115)(0.0129903,-0.196097)(-0.203881,0.0780843)
(0.0654911,-0.142115)(-0.084642,0)(0.052266,0.117227)(-0.0463722,0.106571)
(0.0129903,0.196097)(0.052266,-0.117227)(-0.133191,0)(-0.252365,0.203333)
(-0.203881,-0.0780843)(-0.0463722,-0.106571)(-0.252365,-0.203333)(0.193226,0)

(0.128004,0)(0.198899,0.206885)(0.065117,-0.0459392)(-0.0327956,-0.0818271)
(0.198899,-0.206885)(-0.0662337,0)(0.0994209,0.185505)(-0.147132,-0.0793212)
(0.065117,0.0459392)(0.0994209,-0.185505)(0.078637,0)(-0.109417,0.116724)
(-0.0327956,0.0818271)(-0.147132,0.0793212)(-0.109417,-0.116724)(-0.140408,0)

(-0.388743,0)(-0.0147646,-0.135412)(0.000551066,0.381991)(-0.0360442,0.0565393)
(-0.0147646,0.135412)(0.342923,0)(0.0906853,0.160486)(0.205356,-0.0199346)
(0.000551066,-0.381991)(0.0906853,-0.160486)(0.0358006,0)(0.153134,-0.0249501)
(-0.0360442,-0.0565393)(0.205356,0.0199346)(0.153134,0.0249501)(0.0100197,0)

(-0.206492,0)(-0.0957435,-0.0565702)(-0.0344256,0.244957)(-0.0966624,0.134598)
(-0.0957435,0.0565702)(0.184751,0)(0.150319,0.324272)(-0.108607,-0.0307834)
(-0.0344256,-0.244957)(0.150319,-0.324272)(-0.0544886,0)(-0.135303,0.0355325)
(-0.0966624,-0.134598)(-0.108607,0.0307834)(-0.135303,-0.0355325)(0.076229,0)

(0.503343,0)(-0.0572104,0.256535)(-0.00834165,-0.0857377)(-0.0775477,0.103069)
(-0.0572104,-0.256535)(-0.376628,0)(-0.05087,-0.0813396)(0.111319,0.101874)
(-0.00834165,0.0857377)(-0.05087,0.0813396)(0.0891962,0)(-0.148803,-0.292722)
(-0.0775477,-0.103069)(0.111319,-0.101874)(-0.148803,0.292722)(-0.215911,0)

(-0.276196,0)(-0.302682,0.242508)(-0.0284626,0.0560984)(-0.0359639,-0.189375)
(-0.302682,-0.242508)(-0.0686895,0)(0.0906252,0.188502)(-0.22124,0.127148)
(-0.0284626,-0.0560984)(0.0906252,-0.188502)(-0.0820135,0)(0.278707,-0.105052)
(-0.0359639,0.189375)(-0.22124,-0.127148)(0.278707,0.105052)(0.426899,0)

(0.0540626,0)(0.0768149,0.117036)(-0.0561103,0.0524513)(0.0597277,0.0601593)
(0.0768149,-0.117036)(0.51116,0)(0.0611816,0.0369661)(0.191067,-0.25532)
(-0.0561103,-0.0524513)(0.0611816,-0.0369661)(-0.34909,0)(-0.325748,-0.0171427)
(0.0597277,-0.0601593)(0.191067,0.25532)(-0.325748,0.0171427)(-0.216133,0)

(-0.226429,0)(-0.105674,0.306683)(-0.0755173,-0.18563)(-0.133919,0.197538)
(-0.105674,-0.306683)(0.189034,0)(0.0169269,-0.14549)(-0.156403,0.0336448)
(-0.0755173,0.18563)(0.0169269,0.14549)(-0.0353269,0)(0.291264,0.300892)
(-0.133919,-0.197538)(-0.156403,-0.0336448)(0.291264,-0.300892)(0.0727218,0)

(-0.323486,0)(-0.137455,0.289827)(-0.290162,-0.0680306)(0.137748,0.1909)
(-0.137455,-0.289827)(-0.193518,0)(-0.117148,-0.241387)(0.446761,0.28528)
(-0.290162,0.0680306)(-0.117148,0.241387)(0.471266,0)(0.151235,-0.176032)
(0.137748,-0.1909)(0.446761,-0.28528)(0.151235,0.176032)(0.0457379,0)

(0.13147,0)(-0.0812396,-0.151034)(0.193074,-0.227217)(-0.0564705,0.0861233)
(-0.0812396,0.151034)(-0.441137,0)(0.21403,-0.255625)(0.213186,-0.160198)
(0.193074,0.227217)(0.21403,0.255625)(0.3631,0)(0.332476,0.0845305)
(-0.0564705,-0.0861233)(0.213186,0.160198)(0.332476,-0.0845305)(-0.0534336,0)

(0.235927,0)(-0.220461,-0.235384)(0.7263,0.117061)(0.0200143,-0.106098)
(-0.220461,0.235384)(-0.370499,0)(0.180619,-0.367864)(-0.211307,-0.126631)
(0.7263,-0.117061)(0.180619,0.367864)(0.106126,0)(0.0383309,0.229746)
(0.0200143,0.106098)(-0.211307,0.126631)(0.0383309,-0.229746)(0.0284459,0)

(-0.384478,0)(-0.103211,-0.0657374)(-0.159884,0.271808)(-0.0299102,0.137365)
(-0.103211,0.0657374)(0.146073,0)(-0.81307,0.633484)(0.710147,0.0160817)
(-0.159884,-0.271808)(-0.81307,-0.633484)(0.387632,0)(0.219488,0.401862)
(-0.0299102,-0.137365)(0.710147,-0.0160817)(0.219488,-0.401862)(-0.149227,0)

(0.245485,0)(-0.016601,-0.471011)(-0.0279522,0.0308524)(0.0848445,0.565334)
(-0.016601,0.471011)(-0.265884,0)(0.247733,0.103017)(-0.052122,-0.257895)
(-0.0279522,-0.0308524)(0.247733,-0.103017)(0.184499,0)(0.565708,-0.00904676)
(0.0848445,-0.565334)(-0.052122,0.257895)(0.565708,0.00904676)(-0.1641,0)

(0.0602557,0)(0.0964891,0.0544652)(0.00874752,-0.451782)(-0.0100486,0.201113)
(0.0964891,-0.0544652)(-0.184505,0)(-0.162777,0.206247)(0.0866655,-0.0592561)
(0.00874752,0.451782)(-0.162777,-0.206247)(-0.195175,0)(-0.178469,-0.713376)
(-0.0100486,-0.201113)(0.0866655,0.0592561)(-0.178469,0.713376)(0.319424,0)

(-0.0824723,0)(-0.0490539,0.0587155)(0.1717,-0.0770499)(0.0231429,0.135317)
(-0.0490539,-0.0587155)(-0.245879,0)(0.154399,-0.287615)(-0.229259,-0.137725)
(0.1717,0.0770499)(0.154399,0.287615)(0.152989,0)(0.2983,-0.127322)
(0.0231429,-0.135317)(-0.229259,0.137725)(0.2983,0.127322)(0.175363,0)

(-0.407547,0)(-0.153374,0.0918565)(-0.0753418,-0.0338712)(0.303443,-0.0102854)
(-0.153374,-0.0918565)(0.62124,0)(0.0642393,-0.854184)(0.141733,-0.0555765)
(-0.0753418,0.0338712)(0.0642393,0.854184)(0.122392,0)(-0.280605,-0.35286)
(0.303443,0.0102854)(0.141733,0.0555765)(-0.280605,0.35286)(-0.336085,0)

(-0.955389,0)(-0.139405,0.262971)(-0.274263,-0.534124)(0.0979856,0.452858)
(-0.139405,-0.262971)(0.109646,0)(0.243753,-0.158632)(-0.0830322,-0.475835)
(-0.274263,0.534124)(0.243753,0.158632)(0.423423,0)(0.0619493,0.00587256)
(0.0979856,-0.452858)(-0.0830322,0.475835)(0.0619493,-0.00587256)(0.42232,0)

63.0053
