0.5
(0.429465,0)(-0.0440749,0.28396)(-0.0155085,-0.303113)(0.134955,-0.000441002)
(-0.0440749,-0.28396)(0.075608,0)(0.0665044,0.209762)(-0.166782,0.122368)
(-0.0155085,0.303113)(0.0665044,-0.209762)(-0.468985,0)(-0.152181,0.0220927)
(0.134955,0.000441002)(-0.166782,-0.122368)(-0.152181,-0.0220927)(-0.0360876,0)

(-0.248512,0)(-0.00138151,-0.172275)(0.0335537,0.0451213)(0.185607,0.131116)
(-0.00138151,0.172275)(0.438748,0)(0.12992,-0.222199)(-0.0540906,-0.0741738)
(0.0335537,-0.0451213)(0.12992,0.222199)(-0.10875,0)(0.0274251,-0.0470673)
(0.185607,-0.131116)(-0.0540906,0.0741738)(0.0274251,0.0470673)(-0.0814869,0)

(0.0747119,0)(-0.112215,0.144856)(-0.114764,0.0169869)(-0.0580084,0.121024)
(-0.112215,-0.144856)(-0.209753,0)(0.354978,0.0331621)(0.015231,0.233494)
(-0.114764,-0.0169869)(0.354978,-0.0331621)(-0.184951,0)(0.0309746,0.36088)
(-0.0580084,-0.121024)(0.015231,-0.233494)(0.0309746,-0.36088)(0.319993,0)

(-0.145872,0)(0.31393,-0.0719127)(0.281664,0.116525)(-0.112103,-0.151869)
(0.31393,0.0719127)(0.0805022,0)(-0.159878,0.0406522)(0.326425,-0.00594842)
(0.281664,-0.116525)(-0.159878,-0.0406522)(0.341491,0)(0.0499539,-0.216673)
(-0.112103,0.151869)(0.326425,0.00594842)(0.0499539,0.216673)(-0.276121,0)

(0.0617014,0)(-0.0715496,-0.0590324)(0.179773,0.227019)(0.16844,-0.038203)
(-0.0715496,0.0590324)(-0.126979,0)(-0.18429,-0.0225722)(0.0514851,-0.301584)
(0.179773,-0.227019)(-0.18429,0.0225722)(0.127883,0)(-0.149442,0.132368)
(0.16844,0.038203)(0.0514851,0.301584)(-0.149442,-0.132368)(-0.0626056,0)

(0.208308,0)(-0.0247634,-0.072408)(-0.0550154,-0.127149)(0.0756286,-0.00312319)
(-0.0247634,0.072408)(-0.0565678,0)(-0.288386,0.179242)(-0.34409,-0.0673326)
(-0.0550154,0.127149)(-0.288386,-0.179242)(-0.0746041,0)(0.0109312,0.187319)
(0.0756286,0.00312319)(-0.34409,0.0673326)(0.0109312,-0.187319)(-0.0771357,0)

(-0.244031,0)(-0.159289,-0.178334)(0.219652,0.321394)(-0.0417569,-0.113664)
(-0.159289,0.178334)(-0.0340882,0)(-0.108442,0.106173)(-0.024579,0.15718)
(0.219652,-0.321394)(-0.108442,-0.106173)(0.217746,0)(-0.103373,0.0112121)
(-0.0417569,0.113664)(-0.024579,-0.15718)(-0.103373,-0.0112121)(0.0603739,0)

(0.250131,0)(-0.0501484,-0.0644569)(-0.105515,0.327962)(0.226327,0.146458)
(-0.0501484,0.0644569)(-0.17196,0)(0.0162496,0.0130929)(0.23454,0.170113)
(-0.105515,-0.327962)(0.0162496,-0.0130929)(0.0977337,0)(-0.243736,-0.045249)
(0.226327,-0.146458)(0.23454,-0.170113)(-0.243736,0.045249)(-0.175905,0)

(-0.0146757,0)(-0.0825247,-0.00677335)(0.00299398,0.123801)(-0.220662,-0.0292412)
(-0.0825247,0.00677335)(-0.0317819,0)(0.0590362,0.279881)(0.161345,0.198071)
(0.00299398,-0.123801)(0.0590362,-0.279881)(-0.220123,0)(-0.0909066,0.0250367)
(-0.220662,0.0292412)(0.161345,-0.198071)(-0.0909066,-0.0250367)(0.26658,0)

(-0.013716,0)(-0.123133,0.169758)(-0.0876555,0.385267)(-0.00228353,0.128894)
(-0.123133,-0.169758)(0.588653,0)(0.449554,-0.3745)(0.0802986,0.413879)
(-0.0876555,-0.385267)(0.449554,0.3745)(0.202465,0)(0.100099,0.426076)
(-0.00228353,-0.128894)(0.0802986,-0.413879)(0.100099,-0.426076)(-0.777402,0)

(0.180964,0)(0.0200895,0.399959)(0.29694,-0.050624)(-0.419934,-0.465553)
(0.0200895,-0.399959)(0.181069,0)(0.0250917,-0.1114)(-0.102349,-0.224101)
(0.29694,0.050624)(0.0250917,0.1114)(-0.3843,0)(-0.450984,0.165634)
(-0.419934,0.465553)(-0.102349,0.224101)(-0.450984,-0.165634)(0.0222668,0)

(0.0102194,0)(0.35033,0.233128)(0.151593,0.0382016)(0.0833567,-0.890252)
(0.35033,-0.233128)(0.35464,0)(0.135145,-0.217992)(-0.330462,0.225259)
(0.151593,-0.0382016)(0.135145,0.217992)(-0.514352,0)(-0.222797,0.246514)
(0.0833567,0.890252)(-0.330462,-0.225259)(-0.222797,-0.246514)(0.149493,0)

(-0.028569,0)(-0.304139,0.425642)(-0.325777,0.138318)(0.0158256,0.0431466)
(-0.304139,-0.425642)(0.0644989,0)(0.201009,-0.0733893)(-0.0330268,0.0408455)
(-0.325777,-0.138318)(0.201009,0.0733893)(0.550895,0)(0.0892714,-0.279359)
(0.0158256,-0.0431466)(-0.0330268,-0.0408455)(0.0892714,0.279359)(-0.586825,0)

(0.0740221,0)(-0.300696,-0.254007)(-0.56159,0.00993012)(-0.36382,-0.0433399)
(-0.300696,0.254007)(0.135419,0)(0.353352,-0.209786)(0.121308,-0.0396442)
(-0.56159,-0.00993012)(0.353352,0.209786)(0.0521317,0)(-0.367535,-0.478355)
(-0.36382,0.0433399)(0.121308,0.0396442)(-0.367535,0.478355)(-0.261573,0)

(-0.00308211,0)(-0.116084,-0.257125)(-0.693382,0.14095)(-0.383281,0.644307)
(-0.116084,0.257125)(-0.310027,0)(-0.0209712,-0.180383)(0.147494,0.114042)
(-0.693382,-0.14095)(-0.0209712,0.180383)(0.00575668,0)(-0.0858503,-0.589585)
(-0.383281,-0.644307)(0.147494,-0.114042)(-0.0858503,0.589585)(0.307352,0)

(-0.0599451,0)(-0.446821,0.622905)(-0.00545267,0.278536)(-0.316617,-0.182196)
(-0.446821,-0.622905)(0.304387,0)(0.265082,-0.109796)(-0.382388,0.0689339)
(-0.00545267,-0.278536)(0.265082,0.109796)(0.45942,0)(-0.0045856,-0.0962013)
(-0.316617,0.182196)(-0.382388,-0.0689339)(-0.0045856,0.0962013)(-0.703861,0)

(0.334224,0)(0.102857,0.0107648)(-0.100132,-0.290551)(0.416916,-0.347447)
(0.102857,-0.0107648)(-0.143608,0)(-0.433335,0.353187)(0.231942,-0.00593803)
(-0.100132,0.290551)(-0.433335,-0.353187)(0.147236,0)(-0.210576,0.123311)
(0.416916,0.347447)(0.231942,0.00593803)(-0.210576,-0.123311)(-0.337852,0)

(0.0965574,0)(0.216781,-0.341168)(-0.162031,0.0999879)(0.0529418,0.0356267)
(0.216781,0.341168)(-0.026569,0)(-0.00703074,-0.040532)(-0.146925,-0.258051)
(-0.162031,-0.0999879)(-0.00703074,0.040532)(-0.324846,0)(0.100847,0.155337)
(0.0529418,-0.0356267)(-0.146925,0.258051)(0.100847,-0.155337)(0.254857,0)

63.0053
