0.5
(0.212402,0)(-0.00283455,-0.0227718)(-0.312358,-0.129228)(-0.0645873,0.109225)
(-0.00283455,0.0227718)(0.00260992,0)(0.200117,-0.0286418)(-0.349237,0.0279771)
(-0.312358,0.129228)(0.200117,0.0286418)(-0.1937,0)(-0.0953774,0.00610682)
(-0.0645873,-0.109225)(-0.349237,-0.0279771)(-0.0953774,-0.00610682)(-0.0213114,0)

(0.053482,0)(0.0307004,0.0968459)(0.271738,0.180297)(0.0998953,-0.137351)
(0.0307004,-0.0968459)(0.0302674,0)(0.055181,0.0442812)(-0.00505918,-0.237177)
(0.271738,-0.180297)(0.055181,-0.0442812)(-0.0100602,0)(-0.076995,-0.0594871)
(0.0998953,0.137351)(-0.00505918,0.237177)(-0.076995,0.0594871)(-0.0736892,0)

(0.188717,0)(-0.0994291,-0.197189)(0.107548,0.0569304)(0.173402,-0.0712435)
(-0.0994291,0.197189)(-0.105259,0)(-0.2149,-0.0508546)(0.152151,-0.148037)
(0.107548,-0.0569304)(-0.2149,0.0508546)(0.141298,0)(0.0510623,-0.0735799)
(0.173402,0.0712435)(0.152151,0.148037)(0.0510623,0.0735799)(-0.224756,0)

(0.174038,0)(0.00627736,0.0384376)(0.122814,-0.0509125)(0.227813,0.10129)
(0.00627736,-0.0384376)(-0.118271,0)(-0.115173,-0.23951)(-0.115266,0.323025)
(0.122814,0.0509125)(-0.115173,0.23951)(-0.391033,0)(0.122019,0.109225)
(0.227813,-0.10129)(-0.115266,-0.323025)(0.122019,-0.109225)(0.335265,0)

(-0.123416,0)(0.197252,0.281847)(0.251431,0.113411)(0.0521591,0.171481)
(0.197252,-0.281847)(0.23537,0)(0.100711,-0.0476299)(-0.0475572,-0.373526)
(0.251431,-0.113411)(0.100711,0.0476299)(0.0391279,0)(-0.0137404,-0.125062)
(0.0521591,-0.171481)(-0.0475572,0.373526)(-0.0137404,0.125062)(-0.151082,0)

(0.0357209,0)(-0.0496647,-0.199735)(-0.0216604,-0.424486)(0.0549937,0.0994967)
(-0.0496647,0.199735)(0.118443,0)(0.291005,0.258638)(-0.213319,-0.0471709)
(-0.0216604,0.424486)(0.291005,-0.258638)(-0.175253,0)(-0.119644,0.0434253)
(0.0549937,-0.0994967)(-0.213319,0.0471709)(-0.119644,-0.0434253)(0.021089,0)

(-0.041743,0)(1.29271e-005,0.0178095)(0.164013,-0.184529)(0.102383,-0.0722027)
(1.29271e-005,-0.0178095)(-0.0864763,0)(0.0879304,0.15883)(0.162956,-0.0338979)
(0.164013,0.184529)(0.0879304,-0.15883)(-0.148802,0)(-0.25843,0.0954692)
(0.102383,0.0722027)(0.162956,0.0338979)(-0.25843,-0.0954692)(0.277022,0)

(0.197857,0)(0.0233585,0.0948105)(-0.32085,-0.224021)(-0.0924524,0.0738458)
(0.0233585,-0.0948105)(-0.504371,0)(-0.0298869,-0.0848051)(-0.123098,0.105188)
(-0.32085,0.224021)(-0.0298869,0.0848051)(-0.089506,0)(0.255119,0.12776)
(-0.0924524,-0.0738458)(-0.123098,-0.105188)(0.255119,-0.12776)(0.396021,0)

(-0.125655,0)(0.129611,-0.0481711)(0.11728,0.096564)(0.0382535,0.10907)
(0.129611,0.0481711)(0.034184,0)(0.0755864,-0.218186)(-0.0902962,-0.0386936)
(0.11728,-0.096564)(0.0755864,0.218186)(0.134502,0)(-0.0183003,0.177767)
(0.0382535,-0.10907)(-0.0902962,0.0386936)(-0.0183003,-0.177767)(-0.0430311,0)

(-0.398133,0)(-0.276095,0.426649)(-0.0400653,-0.112397)(-0.00302474,-1.03299)
(-0.276095,-0.426649)(0.273785,0)(-0.0757871,-0.091453)(0.0199723,0.0508904)
(-0.0400653,0.112397)(-0.0757871,0.091453)(0.0337218,0)(0.166341,0.13558)
(-0.00302474,1.03299)(0.0199723,-0.0508904)(0.166341,-0.13558)(0.0906255,0)

(0.266154,0)(-0.127133,0.325283)(-0.0833391,-0.0428669)(0.032456,-0.182389)
(-0.127133,-0.325283)(-0.137477,0)(0.00991515,0.160251)(-0.184221,0.0801348)
(-0.0833391,0.0428669)(0.00991515,-0.160251)(0.47679,0)(-0.407073,-0.275386)
(0.032456,0.182389)(-0.184221,-0.0801348)(-0.407073,0.275386)(-0.605467,0)

(0.286715,0)(-0.051301,-0.0577198)(0.18489,-0.113345)(-0.166046,0.017722)
(-0.051301,0.0577198)(-0.286562,0)(-0.0282607,-0.121258)(0.0655569,-0.100417)
(0.18489,0.113345)(-0.0282607,0.121258)(0.0386295,0)(0.0729736,-0.335783)
(-0.166046,-0.017722)(0.0655569,0.100417)(0.0729736,0.335783)(-0.0387821,0)

(-0.144456,0)(-0.00903269,-0.632528)(-0.0949428,-0.379644)(-0.544035,0.436516)
(-0.00903269,0.632528)(0.465456,0)(-0.00738402,0.33912)(0.716557,-0.037476)
(-0.0949428,0.379644)(-0.00738402,-0.33912)(-0.374073,0)(-0.133631,0.10407)
(-0.544035,-0.436516)(0.716557,0.037476)(-0.133631,-0.10407)(0.0530735,0)

(-0.177195,0)(0.644703,-0.562138)(0.015637,0.211841)(0.184606,-0.0370699)
(0.644703,0.562138)(0.333989,0)(0.0309059,0.869815)(0.0997195,-0.00562698)
(0.015637,-0.211841)(0.0309059,-0.869815)(-0.0786987,0)(0.274892,0.149778)
(0.184606,0.0370699)(0.0997195,0.00562698)(0.274892,-0.149778)(-0.0780949,0)

(0.00190244,0)(-0.238579,0.47854)(0.578121,0.0534617)(-0.0948208,0.454251)
(-0.238579,-0.47854)(0.0572228,0)(-0.0519144,-0.338042)(0.0344321,0.352353)
(0.578121,-0.0534617)(-0.0519144,0.338042)(0.0512897,0)(0.383085,-0.0416891)
(-0.0948208,-0.454251)(0.0344321,-0.352353)(0.383085,0.0416891)(-0.110415,0)

(0.0979236,0)(0.06357,-0.0453243)(-0.160955,0.123513)(-0.207738,0.0532299)
(0.06357,0.0453243)(0.5636,0)(-0.307131,-0.372962)(0.123904,-0.20013)
(-0.160955,-0.123513)(-0.307131,0.372962)(-0.98649,0)(0.0449749,-0.13437)
(-0.207738,-0.0532299)(0.123904,0.20013)(0.0449749,0.13437)(0.324967,0)

(-0.0940338,0)(-0.214133,-0.0977884)(-0.265081,-0.143926)(-0.351478,0.00722284)
(-0.214133,0.0977884)(0.113922,0)(-0.641026,0.26172)(0.0439518,-0.206624)
(-0.265081,0.143926)(-0.641026,-0.26172)(-0.0855671,0)(-0.0526372,0.511751)
(-0.351478,-0.00722284)(0.0439518,0.206624)(-0.0526372,-0.511751)(0.0656785,0)

(-0.89504,0)(-0.344423,-0.0733357)(0.168942,-0.553606)(-0.103711,-0.301032)
(-0.344423,0.0733357)(0.331381,0)(0.388148,-0.390545)(0.0899056,0.176627)
(0.168942,0.553606)(0.388148,0.390545)(0.52955,0)(0.333456,-0.444679)
(-0.103711,0.301032)(0.0899056,-0.176627)(0.333456,0.444679)(0.0341099,0)

63.0053
