1
(-0.32015,0)(0.590127,1.04188)
(0.590127,-1.04188)(0.32015,0)

(-0.18716,0)(0.0462896,-0.15818)
(0.0462896,0.15818)(0.18716,0)

(-1.89456,0)(0.322863,-0.365143)
(0.322863,0.365143)(1.89456,0)

(1.44461,0)(-0.791145,-1.25011)
(-0.791145,1.25011)(-1.44461,0)

(-0.593456,0)(0.114052,-0.04128)
(0.114052,0.04128)(0.593456,0)

(-0.983127,0)(0.109805,0.133101)
(0.109805,-0.133101)(0.983127,0)

(1.0904,0)(-0.554059,-0.725899)
(-0.554059,0.725899)(-1.0904,0)

(0.106464,0)(-0.168039,-0.410607)
(-0.168039,0.410607)(-0.106464,0)

(-0.400144,0)(0.71167,1.42194)
(0.71167,-1.42194)(0.400144,0)

(1.2898,0)(8.65043,1.50265)
(8.65043,-1.50265)(-1.2898,0)

(0.47191,0)(6.3761,-3.54194)
(6.3761,3.54194)(-0.47191,0)

(-6.14422,0)(7.20467,-6.16012)
(7.20467,6.16012)(6.14422,0)

(5.03211,0)(1.54672,-5.91302)
(1.54672,5.91302)(-5.03211,0)

(-2.17972,0)(0.762538,-0.948957)
(0.762538,0.948957)(2.17972,0)

(-6.39614,0)(-12.961,5.26233)
(-12.961,-5.26233)(6.39614,0)

(3.12261,0)(-2.87458,-1.70955)
(-2.87458,1.70955)(-3.12261,0)

(0.512338,0)(1.91659,-2.7837)
(1.91659,2.7837)(-0.512338,0)

(0.3402,0)(4.21911,5.17902)
(4.21911,-5.17902)(-0.3402,0)

833.83
