1
(1.09864,0)(-0.39379,2.6278)
(-0.39379,-2.6278)(-1.09864,0)

(-1.67817,0)(0.336596,-2.44097)
(0.336596,2.44097)(1.67817,0)

(1.40611,0)(-0.439057,1.46656)
(-0.439057,-1.46656)(-1.40611,0)

(1.09959,0)(-0.395823,2.05794)
(-0.395823,-2.05794)(-1.09959,0)

(-1.48294,0)(0.352189,-2.93084)
(0.352189,2.93084)(1.48294,0)

(0.298252,0)(-0.0254329,-0.528673)
(-0.0254329,0.528673)(-0.298252,0)

(-0.185209,0)(0.0704127,-0.27492)
(0.0704127,0.27492)(0.185209,0)

(-0.312404,0)(0.210993,-1.29578)
(0.210993,1.29578)(0.312404,0)

(2.33498,0)(-0.567685,3.05819)
(-0.567685,-3.05819)(-2.33498,0)

(-0.550976,0)(-6.06923,1.98967)
(-6.06923,-1.98967)(0.550976,0)

(-3.81335,0)(-13.7622,-2.7418)
(-13.7622,2.7418)(3.81335,0)

(-0.988594,0)(-16.2815,-0.196889)
(-16.2815,0.196889)(0.988594,0)

(-1.13,0)(-11.677,0.964407)
(-11.677,-0.964407)(1.13,0)

(-2.83076,0)(-11.6062,-3.27738)
(-11.6062,3.27738)(2.83076,0)

(0.567082,0)(-1.67028,-0.891474)
(-1.67028,0.891474)(-0.567082,0)

(0.344644,0)(3.17241,-0.000639954)
(3.17241,0.000639954)(-0.344644,0)

(1.93365,0)(10.7037,-0.607355)
(10.7037,0.607355)(-1.93365,0)

(2.68521,0)(1.81401,2.28631)
(1.81401,-2.28631)(-2.68521,0)

