1
(-0.00795403,0)(-0.0413132,0.0135943)(0.00895618,0.019678)(-0.0982821,0.0875595)(0.0691347,-0.0381708)(0.0510766,0.0507859)(0.0558576,0.018264)(-0.0131204,-0.0535417)
(-0.0413132,-0.0135943)(0.0706598,0)(0.095391,0.0201012)(0.0558848,0.050827)(-0.0105571,-0.0642805)(-0.106096,-0.109921)(-0.0919262,0.090366)(0.168776,0.146246)
(0.00895618,-0.019678)(0.095391,-0.0201012)(-0.00544289,0)(-0.00236474,0.0165737)(0.143546,-0.0869598)(-0.157787,0.112743)(-0.0832026,0.138978)(0.0556218,-0.0750361)
(-0.0982821,-0.0875595)(0.0558848,-0.050827)(-0.00236474,-0.0165737)(0.0746092,0)(0.0244574,0.157154)(0.14224,0.0251999)(-0.0109599,-0.0606434)(0.0234341,-0.119425)
(0.0691347,0.0381708)(-0.0105571,0.0642805)(0.143546,0.0869598)(0.0244574,-0.157154)(-0.0765079,0)(-0.109105,0.0869102)(-0.0168509,0.114443)(-0.0120432,-0.0251017)
(0.0510766,-0.0507859)(-0.106096,0.109921)(-0.157787,-0.112743)(0.14224,-0.0251999)(-0.109105,-0.0869102)(0.106003,0)(0.22149,-0.0163429)(0.051307,-0.339935)
(0.0558576,-0.018264)(-0.0919262,-0.090366)(-0.0832026,-0.138978)(-0.0109599,0.0606434)(-0.0168509,-0.114443)(0.22149,0.0163429)(0.0440995,0)(0.0654819,0.149949)
(-0.0131204,0.0535417)(0.168776,-0.146246)(0.0556218,0.0750361)(0.0234341,0.119425)(-0.0120432,0.0251017)(0.051307,0.339935)(0.0654819,-0.149949)(-0.205466,0)

(-0.116144,0)(-0.125987,-0.0660546)(-0.067143,-0.00914149)(-0.0229123,-0.0463296)(0.0911557,-0.0690552)(0.0640409,0.0565387)(-0.0816302,-0.0650712)(0.0126123,0.077812)
(-0.125987,0.0660546)(0.0482045,0)(0.00303601,0.153393)(0.0668758,-0.0426883)(-0.00827696,-0.0322541)(0.01415,0.0107921)(0.00105728,0.0832252)(-0.0536251,-0.0243119)
(-0.067143,0.00914149)(0.00303601,-0.153393)(-0.0329714,0)(-0.0172534,0.0922643)(-0.0544244,0.0738819)(0.0368403,-0.110467)(0.134343,-0.171215)(0.055437,0.0881609)
(-0.0229123,0.0463296)(0.0668758,0.0426883)(-0.0172534,-0.0922643)(0.10763,0)(-0.0645246,-0.0321073)(-0.0724035,0.0844035)(-0.0361549,0.0279249)(0.0294711,0.0726892)
(0.0911557,0.0690552)(-0.00827696,0.0322541)(-0.0544244,-0.0738819)(-0.0645246,0.0321073)(0.129414,0)(-0.0972319,-0.0324197)(-0.0346858,0.0148029)(-0.00168454,-0.0419382)
(0.0640409,-0.0565387)(0.01415,-0.0107921)(0.0368403,0.110467)(-0.0724035,-0.0844035)(-0.0972319,0.0324197)(-0.0715092,0)(0.0995555,0.0285962)(-0.0466259,0.0227925)
(-0.0816302,0.0650712)(0.00105728,-0.0832252)(0.134343,0.171215)(-0.0361549,-0.0279249)(-0.0346858,-0.0148029)(0.0995555,-0.0285962)(-0.0522053,0)(-0.0282872,0.00954145)
(0.0126123,-0.077812)(-0.0536251,0.0243119)(0.055437,-0.0881609)(0.0294711,-0.0726892)(-0.00168454,0.0419382)(-0.0466259,-0.0227925)(-0.0282872,-0.00954145)(-0.0124195,0)

(-0.252485,0)(-0.107896,0.0896908)(0.0860964,-0.0128764)(-0.128368,0.0675082)(0.132462,0.0684953)(0.0784991,0.0304387)(0.118359,-0.0761004)(-0.0462507,0.0316862)
(-0.107896,-0.0896908)(0.22991,0)(0.0534628,0.0893026)(0.0814197,-0.0437475)(0.0334877,-0.052696)(-0.0808982,-0.0178877)(0.00159045,-0.116664)(0.0314596,0.00847337)
(0.0860964,0.0128764)(0.0534628,-0.0893026)(0.0924531,0)(0.0684362,-0.00401097)(-0.0119467,-0.0773472)(0.0567734,0.0640666)(0.00432337,0.0580253)(-0.103514,-0.0094776)
(-0.128368,-0.0675082)(0.0814197,0.0437475)(0.0684362,0.00401097)(-0.0242782,0)(0.0352572,-0.0503947)(-0.0108759,0.0177435)(-0.0201132,0.0827343)(0.0250055,-0.0469909)
(0.132462,-0.0684953)(0.0334877,0.052696)(-0.0119467,0.0773472)(0.0352572,0.0503947)(-0.0291882,0)(-0.0265884,-0.156284)(0.119859,0.108723)(-0.00820551,-0.0385853)
(0.0784991,-0.0304387)(-0.0808982,0.0178877)(0.0567734,-0.0640666)(-0.0108759,-0.0177435)(-0.0265884,0.156284)(0.0165232,0)(0.0836063,0.00383452)(0.00979651,-0.020081)
(0.118359,0.0761004)(0.00159045,0.116664)(0.00432337,-0.0580253)(-0.0201132,-0.0827343)(0.119859,-0.108723)(0.0836063,-0.00383452)(-0.0217242,0)(0.100922,-0.0252485)
(-0.0462507,-0.0316862)(0.0314596,-0.00847337)(-0.103514,0.0094776)(0.0250055,0.0469909)(-0.00820551,0.0385853)(0.00979651,0.020081)(0.100922,0.0252485)(-0.0112112,0)

(0.0754056,0)(0.0578331,0.0846956)(-0.0610715,0.00101987)(0.114455,0.0653151)(0.107213,0.0641062)(-0.052861,-0.0144935)(0.00141877,0.0580884)(0.0515152,0.0519478)
(0.0578331,-0.0846956)(0.300522,0)(0.10007,0.0401726)(-0.0386078,0.0595896)(0.0811419,-0.0639031)(-0.129928,0.178656)(0.0246542,-0.0325851)(0.107226,-0.111612)
(-0.0610715,-0.00101987)(0.10007,-0.0401726)(0.0984421,0)(0.105101,0.00439412)(0.0424321,-0.00884695)(-0.0961622,-0.0795675)(-0.0160207,-0.00734602)(0.0126785,0.0497681)
(0.114455,-0.0653151)(-0.0386078,-0.0595896)(0.105101,-0.00439412)(-0.317192,0)(0.0324884,-0.0311208)(0.0999344,0.0857517)(-0.0782224,0.0746304)(0.0549798,0.0422496)
(0.107213,-0.0641062)(0.0811419,0.0639031)(0.0424321,0.00884695)(0.0324884,0.0311208)(-0.0184419,0)(-0.0733282,0.0259432)(-0.0591078,-0.0530271)(-0.064713,0.069158)
(-0.052861,0.0144935)(-0.129928,-0.178656)(-0.0961622,0.0795675)(0.0999344,-0.0857517)(-0.0733282,-0.0259432)(-0.138905,0)(-0.0480217,0.033161)(0.034609,0.0614236)
(0.00141877,-0.0580884)(0.0246542,0.0325851)(-0.0160207,0.00734602)(-0.0782224,-0.0746304)(-0.0591078,0.0530271)(-0.0480217,-0.033161)(-0.0576456,0)(0.0139953,0.00241351)
(0.0515152,-0.0519478)(0.107226,0.111612)(0.0126785,-0.0497681)(0.0549798,-0.0422496)(-0.064713,-0.069158)(0.034609,-0.0614236)(0.0139953,-0.00241351)(0.0578148,0)

(0.126188,0)(-0.00486482,0.0526745)(0.0252413,0.00668206)(0.0526169,-0.090423)(-0.0439484,-0.0274542)(-0.0194213,0.00357193)(-0.13229,0.1173)(0.0132022,0.0179109)
(-0.00486482,-0.0526745)(-0.0932903,0)(-0.0716753,-0.00705347)(-0.010697,-0.0656898)(0.0480104,0.00177319)(0.00073318,-0.0117001)(-0.00907119,-0.160149)(-0.0569267,0.00388136)
(0.0252413,-0.00668206)(-0.0716753,0.00705347)(0.0997234,0)(-0.0401454,0.035948)(-0.0632964,-0.00194792)(-0.0869489,-0.0205883)(-0.107134,0.000708708)(-0.0560465,0.110296)
(0.0526169,0.090423)(-0.010697,0.0656898)(-0.0401454,-0.035948)(-0.0549937,0)(-0.055002,-0.03185)(-0.00357699,-0.0471208)(0.0199846,-0.22728)(0.0370173,0.200475)
(-0.0439484,0.0274542)(0.0480104,-0.00177319)(-0.0632964,0.00194792)(-0.055002,0.03185)(0.0292837,0)(-0.0606987,0.0784568)(0.014055,0.0946447)(0.0045011,-0.0803023)
(-0.0194213,-0.00357193)(0.00073318,0.0117001)(-0.0869489,0.0205883)(-0.00357699,0.0471208)(-0.0606987,-0.0784568)(-0.0297195,0)(0.0880796,-0.0391122)(0.124084,0.0113905)
(-0.13229,-0.1173)(-0.00907119,0.160149)(-0.107134,-0.000708708)(0.0199846,0.22728)(0.014055,-0.0946447)(0.0880796,0.0391122)(-0.0238182,0)(0.102243,-0.0282164)
(0.0132022,-0.0179109)(-0.0569267,-0.00388136)(-0.0560465,-0.110296)(0.0370173,-0.200475)(0.0045011,0.0803023)(0.124084,-0.0113905)(0.102243,0.0282164)(-0.0533736,0)

(0.0743655,0)(-0.0351624,-0.00757704)(0.0109816,-0.0172594)(0.117563,0.0160804)(-0.0576928,-0.0272359)(-0.0636063,-0.0293636)(-0.00556458,-0.0207386)(0.0413825,-0.0981257)
(-0.0351624,0.00757704)(-0.0691708,0)(-0.0379545,-0.0361173)(0.104486,0.175353)(0.00932241,-0.179273)(0.0227043,-0.0339072)(-0.00171814,0.158127)(0.0356182,0.110044)
(0.0109816,0.0172594)(-0.0379545,0.0361173)(0.159289,0)(0.0196738,0.105626)(0.0861594,-0.157663)(0.0957614,-0.0491545)(-0.038505,-0.0288508)(-0.0448886,0.0206645)
(0.117563,-0.0160804)(0.104486,-0.175353)(0.0196738,-0.105626)(0.221645,0)(0.0328784,-0.0491467)(0.0130218,-0.105241)(-0.090824,0.038638)(-0.0435919,0.0426911)
(-0.0576928,0.0272359)(0.00932241,0.179273)(0.0861594,0.157663)(0.0328784,0.0491467)(-0.227543,0)(0.129396,0.0952594)(0.0373183,0.0132988)(-0.0355377,-0.0390028)
(-0.0636063,0.0293636)(0.0227043,0.0339072)(0.0957614,0.0491545)(0.0130218,0.105241)(0.129396,-0.0952594)(0.0573609,0)(-0.0407818,0.0146288)(-0.0894086,-0.0333646)
(-0.00556458,0.0207386)(-0.00171814,-0.158127)(-0.038505,0.0288508)(-0.090824,-0.038638)(0.0373183,-0.0132988)(-0.0407818,-0.0146288)(-0.0761332,0)(0.0183152,0.0336472)
(0.0413825,0.0981257)(0.0356182,-0.110044)(-0.0448886,-0.0206645)(-0.0435919,-0.0426911)(-0.0355377,0.0390028)(-0.0894086,0.0333646)(0.0183152,-0.0336472)(-0.139814,0)

(0.0458332,0)(-0.0894975,0.0381533)(0.128,-0.0858589)(0.108597,-0.0384841)(-0.0280537,-0.0437019)(0.173916,0.0604322)(0.00151647,0.0543203)(-0.0668841,-0.0633867)
(-0.0894975,-0.0381533)(-0.14197,0)(0.0391064,-0.00592992)(0.0963712,-0.0611895)(0.0389883,-0.0467584)(0.0189638,0.0116476)(-0.102869,0.0796309)(-0.0343952,-0.00140157)
(0.128,0.0858589)(0.0391064,0.00592992)(0.0181282,0)(0.0078074,-0.013123)(0.021035,-0.0720745)(0.0365937,-0.108944)(0.0464188,-0.0571367)(0.12436,-0.168407)
(0.108597,0.0384841)(0.0963712,0.0611895)(0.0078074,0.013123)(-0.0912388,0)(-0.0681166,0.0266188)(-0.0551138,0.0969781)(0.0218292,0.145077)(-0.17194,0.00425619)
(-0.0280537,0.0437019)(0.0389883,0.0467584)(0.021035,0.0720745)(-0.0681166,-0.0266188)(0.0243136,0)(-0.0826184,0.0155802)(-0.00727231,0.145714)(-0.112437,0.0250778)
(0.173916,-0.0604322)(0.0189638,-0.0116476)(0.0365937,0.108944)(-0.0551138,-0.0969781)(-0.0826184,-0.0155802)(0.109473,0)(0.0393751,0.0522202)(-0.0521027,0.0153593)
(0.00151647,-0.0543203)(-0.102869,-0.0796309)(0.0464188,0.0571367)(0.0218292,-0.145077)(-0.00727231,-0.145714)(0.0393751,-0.0522202)(-0.0476286,0)(-0.0247297,0.102551)
(-0.0668841,0.0633867)(-0.0343952,0.00140157)(0.12436,0.168407)(-0.17194,-0.00425619)(-0.112437,-0.0250778)(-0.0521027,-0.0153593)(-0.0247297,-0.102551)(0.0830891,0)

(0.0866549,0)(-0.01882,0.0062744)(-0.0652041,-0.0488204)(0.105642,-0.0442434)(-0.0765488,-0.154759)(-0.00405599,0.0398164)(-0.0972303,-0.00216663)(-0.137041,-0.0207443)
(-0.01882,-0.0062744)(-0.0227929,0)(-0.0110425,0.00708011)(0.115821,0.0817)(0.0703569,0.0542487)(-0.110963,0.0556511)(-0.0474454,0.108168)(0.14046,0.0907)
(-0.0652041,0.0488204)(-0.0110425,-0.00708011)(-0.0335036,0)(0.038215,-0.100727)(-0.0899342,0.0701047)(-0.0612882,0.113455)(0.0174137,0.0764656)(0.0461888,-0.0132954)
(0.105642,0.0442434)(0.115821,-0.0817)(0.038215,0.100727)(0.103535,0)(0.0552473,-0.129178)(0.0914906,-0.0899016)(0.0305043,0.0202819)(-0.0325788,0.126079)
(-0.0765488,0.154759)(0.0703569,-0.0542487)(-0.0899342,-0.0701047)(0.0552473,0.129178)(0.0353896,0)(0.00770893,-0.0828333)(-0.114176,-0.121058)(0.023143,-0.0548825)
(-0.00405599,-0.0398164)(-0.110963,-0.0556511)(-0.0612882,-0.113455)(0.0914906,0.0899016)(0.00770893,0.0828333)(-0.0543906,0)(-0.0358752,-0.00915539)(-0.00960806,0.0268535)
(-0.0972303,0.00216663)(-0.0474454,-0.108168)(0.0174137,-0.0764656)(0.0305043,-0.0202819)(-0.114176,0.121058)(-0.0358752,0.00915539)(-0.067189,0)(-0.0397457,-0.105186)
(-0.137041,0.0207443)(0.14046,-0.0907)(0.0461888,0.0132954)(-0.0325788,-0.126079)(0.023143,0.0548825)(-0.00960806,-0.0268535)(-0.0397457,0.105186)(-0.0477029,0)

(-0.234771,0)(-0.0257452,0.0548079)(-0.0131309,0.0931384)(0.0232811,0.0255194)(0.0533386,0.178873)(-0.0316824,0.0986006)(0.0712852,0.0172291)(-0.102548,-0.0712105)
(-0.0257452,-0.0548079)(0.078204,0)(0.00312261,-0.14465)(-0.00130037,0.177674)(-0.0197468,0.0360794)(0.0536986,-0.06629)(0.112539,-0.0179965)(0.0316413,0.0172636)
(-0.0131309,-0.0931384)(0.00312261,0.14465)(0.0342613,0)(-0.0504231,0.0617422)(-0.0183089,7.32097e-005)(0.036722,0.104161)(0.0136306,0.0371822)(0.0859787,-0.0629345)
(0.0232811,-0.0255194)(-0.00130037,-0.177674)(-0.0504231,-0.0617422)(-0.255874,0)(0.0317575,0.146896)(-0.0254509,0.0690679)(0.124185,-0.0469038)(-0.0792514,0.140631)
(0.0533386,-0.178873)(-0.0197468,-0.0360794)(-0.0183089,-7.32097e-005)(0.0317575,-0.146896)(0.163733,0)(0.00672752,-0.0069076)(-0.053339,-0.0041733)(0.0133059,0.116255)
(-0.0316824,-0.0986006)(0.0536986,0.06629)(0.036722,-0.104161)(-0.0254509,-0.0690679)(0.00672752,0.0069076)(0.112283,0)(-0.006762,-0.0700473)(0.0561389,-0.0597201)
(0.0712852,-0.0172291)(0.112539,0.0179965)(0.0136306,-0.0371822)(0.124185,0.0469038)(-0.053339,0.0041733)(-0.006762,0.0700473)(0.0223219,0)(-0.0678042,0.143478)
(-0.102548,0.0712105)(0.0316413,-0.0172636)(0.0859787,0.0629345)(-0.0792514,-0.140631)(0.0133059,-0.116255)(0.0561389,0.0597201)(-0.0678042,-0.143478)(0.0798424,0)

(0.00802912,0)(0.0121793,-0.0552433)(0.0101185,0.0578326)(0.00533963,0.017246)(-0.137068,-0.00882579)(-0.0226638,-0.0421883)(-0.0603563,0.0514481)(0.110348,0.0669419)
(0.0121793,0.0552433)(0.0335316,0)(-0.0172663,-0.0182031)(0.0428085,0.0935178)(-0.0493148,-0.129388)(-0.0557952,-0.118042)(0.0668845,-0.0393425)(0.0798815,0.144528)
(0.0101185,-0.0578326)(-0.0172663,0.0182031)(0.133122,0)(-0.00316283,-0.116524)(0.00304584,0.121089)(-0.0139986,0.0103664)(0.063078,0.0941983)(0.0609936,0.081399)
(0.00533963,-0.017246)(0.0428085,-0.0935178)(-0.00316283,0.116524)(-0.179396,0)(-0.0172993,-0.0262234)(-0.0420273,-0.0465789)(0.00191938,0.174321)(0.155438,0.0960409)
(-0.137068,0.00882579)(-0.0493148,0.129388)(0.00304584,-0.121089)(-0.0172993,0.0262234)(0.0522523,0)(-0.240601,0.0968475)(-0.0825746,0.18944)(0.0596853,0.04399)
(-0.0226638,0.0421883)(-0.0557952,0.118042)(-0.0139986,-0.0103664)(-0.0420273,0.0465789)(-0.240601,-0.0968475)(0.0941462,0)(-0.0215853,-0.0767461)(-0.0606584,0.0894679)
(-0.0603563,-0.0514481)(0.0668845,0.0393425)(0.063078,-0.0941983)(0.00191938,-0.174321)(-0.0825746,-0.18944)(-0.0215853,0.0767461)(-0.141891,0)(-0.028398,0.00451567)
(0.110348,-0.0669419)(0.0798815,-0.144528)(0.0609936,-0.081399)(0.155438,-0.0960409)(0.0596853,-0.04399)(-0.0606584,-0.0894679)(-0.028398,-0.00451567)(0.00020564,0)

(0.0944583,0)(-0.00756355,0.0184951)(-0.168993,0.159538)(0.0406422,0.159908)(-0.0647394,-0.0743491)(0.0571812,-0.202917)(-0.000870205,-0.0792655)(0.0346353,0.0165914)
(-0.00756355,-0.0184951)(-0.0713407,0)(0.00285523,-0.0188885)(0.0298474,-0.050134)(-0.0190966,-0.0380403)(-0.147207,-0.010136)(-0.0174045,0.0398699)(0.0253293,-0.0739505)
(-0.168993,-0.159538)(0.00285523,0.0188885)(-0.0543532,0)(0.0453359,0.00557041)(0.031015,-0.0236054)(-0.0116658,0.0632176)(0.0170438,-0.240011)(-0.0755194,-0.00291884)
(0.0406422,-0.159908)(0.0298474,0.050134)(0.0453359,-0.00557041)(-0.0102198,0)(-0.0559406,0.171303)(-0.0657273,0.014816)(0.0362971,0.117237)(-0.163155,-0.161945)
(-0.0647394,0.0743491)(-0.0190966,0.0380403)(0.031015,0.0236054)(-0.0559406,-0.171303)(0.0301605,0)(-0.000423181,-0.0203167)(0.199771,-0.0224385)(0.00935056,-0.101179)
(0.0571812,0.202917)(-0.147207,0.010136)(-0.0116658,-0.0632176)(-0.0657273,-0.014816)(-0.000423181,0.0203167)(-0.0960249,0)(0.0734662,0.158115)(-0.0124297,0.0176701)
(-0.000870205,0.0792655)(-0.0174045,-0.0398699)(0.0170438,0.240011)(0.0362971,-0.117237)(0.199771,0.0224385)(0.0734662,-0.158115)(0.117714,0)(0.0340824,-0.0181161)
(0.0346353,-0.0165914)(0.0253293,0.0739505)(-0.0755194,0.00291884)(-0.163155,0.161945)(0.00935056,0.101179)(-0.0124297,-0.0176701)(0.0340824,0.0181161)(-0.0103945,0)

(0.0345722,0)(0.0572287,0.136919)(-0.102521,0.033603)(-0.0724658,0.0954607)(0.041358,-0.0177949)(0.0370674,0.0366724)(0.00838228,0.10088)(-0.112048,-0.0968818)
(0.0572287,-0.136919)(-0.0311733,0)(0.0739623,0.0535082)(-0.0445774,-0.0957258)(0.230398,-0.0668895)(0.0303709,0.0829659)(0.174882,-0.143887)(0.114031,0.0163308)
(-0.102521,-0.033603)(0.0739623,-0.0535082)(0.0422788,0)(-0.0365334,-0.0574253)(0.053471,-0.141581)(0.0270876,-0.0682535)(0.0974434,0.0738925)(0.0662583,0.0375737)
(-0.0724658,-0.0954607)(-0.0445774,0.0957258)(-0.0365334,0.0574253)(-0.00751342,0)(-0.125113,0.0663401)(-0.0183961,0.0247221)(-0.0201591,0.067683)(-0.0984384,-0.0199524)
(0.041358,0.0177949)(0.230398,0.0668895)(0.053471,0.141581)(-0.125113,-0.0663401)(0.199871,0)(-0.207394,-0.0552115)(0.0982102,-0.0299897)(-0.0392542,0.0225967)
(0.0370674,-0.0366724)(0.0303709,-0.0829659)(0.0270876,0.0682535)(-0.0183961,-0.0247221)(-0.207394,0.0552115)(-0.0131665,0)(-0.0144851,0.0278101)(-0.0130428,0.133453)
(0.00838228,-0.10088)(0.174882,0.143887)(0.0974434,-0.0738925)(-0.0201591,-0.067683)(0.0982102,0.0299897)(-0.0144851,-0.0278101)(0.09085,0)(-0.147968,-0.12844)
(-0.112048,0.0968818)(0.114031,-0.0163308)(0.0662583,-0.0375737)(-0.0984384,0.0199524)(-0.0392542,-0.0225967)(-0.0130428,-0.133453)(-0.147968,0.12844)(-0.315719,0)

(0.0799183,0)(-0.104264,0.0576749)(-0.10737,-0.143091)(-0.00485482,0.114426)(0.0988598,-0.00653313)(-0.0201946,0.00526444)(0.057808,-0.0713654)(-0.119905,0.0694075)
(-0.104264,-0.0576749)(0.161654,0)(0.0926491,-0.047004)(-0.100208,0.0279303)(-0.18026,-0.111398)(-0.0890802,0.0400032)(0.0200125,0.0115897)(-0.00152217,-0.0190969)
(-0.10737,0.143091)(0.0926491,0.047004)(-0.0127961,0)(0.0620342,-0.00342904)(0.0944281,0.0251941)(0.00419058,0.145845)(0.130056,0.0523191)(0.101064,-0.016427)
(-0.00485482,-0.114426)(-0.100208,-0.0279303)(0.0620342,0.00342904)(-0.149701,0)(0.0496675,-0.119629)(-0.0121095,-0.00565553)(-0.139367,0.0240481)(0.062203,0.0124771)
(0.0988598,0.00653313)(-0.18026,0.111398)(0.0944281,-0.0251941)(0.0496675,0.119629)(-0.0727267,0)(-0.0637436,-0.0507718)(0.0970517,0.013772)(0.122628,-0.0154624)
(-0.0201946,-0.00526444)(-0.0890802,-0.0400032)(0.00419058,-0.145845)(-0.0121095,0.00565553)(-0.0637436,0.0507718)(0.176856,0)(-0.154571,0.0437612)(-0.0348716,0.0662272)
(0.057808,0.0713654)(0.0200125,-0.0115897)(0.130056,-0.0523191)(-0.139367,-0.0240481)(0.0970517,-0.013772)(-0.154571,-0.0437612)(0.00736308,0)(0.0185284,0.251521)
(-0.119905,-0.0694075)(-0.00152217,0.0190969)(0.101064,0.016427)(0.062203,-0.0124771)(0.122628,0.0154624)(-0.0348716,-0.0662272)(0.0185284,-0.251521)(-0.190567,0)

(0.125993,0)(-0.124729,0.0449026)(-0.0794189,0.0919336)(0.0472591,0.0244237)(-0.0976146,0.18482)(0.0917814,0.123998)(-0.0070943,0.0564533)(-0.0420941,-0.143703)
(-0.124729,-0.0449026)(-0.117565,0)(-0.00189915,-0.0715559)(0.0142584,-0.114637)(0.0558558,-0.0503496)(0.11161,0.0557488)(-0.100067,0.048556)(-0.0349764,0.0336484)
(-0.0794189,-0.0919336)(-0.00189915,0.0715559)(-0.070676,0)(-0.0139365,0.040089)(-0.0261016,-0.168599)(0.132558,0.0552341)(0.0495763,0.0618533)(-0.0619973,-0.0114196)
(0.0472591,-0.0244237)(0.0142584,0.114637)(-0.0139365,-0.040089)(-0.110548,0)(-0.0653542,0.0775568)(0.0900121,-0.189632)(0.11151,0.0585327)(0.122557,0.116611)
(-0.0976146,-0.18482)(0.0558558,0.0503496)(-0.0261016,0.168599)(-0.0653542,-0.0775568)(0.0838975,0)(0.0918719,-0.0448822)(0.0921537,-0.0456051)(0.115723,-0.0633108)
(0.0917814,-0.123998)(0.11161,-0.0557488)(0.132558,-0.0552341)(0.0900121,0.189632)(0.0918719,0.0448822)(0.153756,0)(-0.0840068,-0.234557)(-0.0188985,-0.15625)
(-0.0070943,-0.0564533)(-0.100067,-0.048556)(0.0495763,-0.0618533)(0.11151,-0.0585327)(0.0921537,0.0456051)(-0.0840068,0.234557)(0.113379,0)(0.0229822,0.00287449)
(-0.0420941,0.143703)(-0.0349764,-0.0336484)(-0.0619973,0.0114196)(0.122557,-0.116611)(0.115723,0.0633108)(-0.0188985,0.15625)(0.0229822,-0.00287449)(-0.178236,0)

(0.101166,0)(-0.0543212,-0.0700071)(0.0918635,0.00313597)(-0.122893,-0.0340881)(0.0621538,-0.0298559)(-0.074475,0.0497724)(0.0312203,0.0704651)(0.172023,0.146602)
(-0.0543212,0.0700071)(-0.0493616,0)(-0.0243597,-0.0499846)(-0.0557104,0.0467526)(0.0438191,-0.0646023)(-0.00305107,0.160811)(-0.0896694,0.107159)(0.0722166,0.133615)
(0.0918635,-0.00313597)(-0.0243597,0.0499846)(-0.0520342,0)(-0.0739807,0.0241758)(0.0591876,0.0981942)(0.0868354,0.00108021)(-0.200275,-0.10643)(0.127737,-0.0546163)
(-0.122893,0.0340881)(-0.0557104,-0.0467526)(-0.0739807,-0.0241758)(0.0983353,0)(-0.156347,0.122482)(0.0187599,-0.102618)(-0.123977,-0.0489153)(-0.0904547,0.118788)
(0.0621538,0.0298559)(0.0438191,0.0646023)(0.0591876,-0.0981942)(-0.156347,-0.122482)(0.0208254,0)(-0.0755261,0.0343382)(-0.00844296,0.0167756)(0.167389,0.0399677)
(-0.074475,-0.0497724)(-0.00305107,-0.160811)(0.0868354,-0.00108021)(0.0187599,0.102618)(-0.0755261,-0.0343382)(-0.169666,0)(-0.107385,-0.00787542)(0.192643,0.00452771)
(0.0312203,-0.0704651)(-0.0896694,-0.107159)(-0.200275,0.10643)(-0.123977,0.0489153)(-0.00844296,-0.0167756)(-0.107385,0.00787542)(-0.166019,0)(0.192406,-0.0795797)
(0.172023,-0.146602)(0.0722166,-0.133615)(0.127737,0.0546163)(-0.0904547,-0.118788)(0.167389,-0.0399677)(0.192643,-0.00452771)(0.192406,0.0795797)(0.216754,0)

(0.0676154,0)(-0.0497205,0.0298999)(0.0342367,-0.116049)(0.106451,0.0874862)(0.0334832,-0.126396)(0.0698448,-0.0164443)(0.139898,-0.0781443)(-0.0377087,0.105823)
(-0.0497205,-0.0298999)(0.0245784,0)(0.0650932,0.00200324)(0.023982,-0.174671)(-0.017075,-0.0896493)(-0.0382551,-0.00681348)(0.150449,0.000447731)(-0.1156,-0.00635919)
(0.0342367,0.116049)(0.0650932,-0.00200324)(-0.116022,0)(-0.054313,-0.0528907)(-0.0479978,0.0693251)(-0.0996824,-0.0368381)(-0.137546,0.0319826)(-0.0104229,-0.0122494)
(0.106451,-0.0874862)(0.023982,0.174671)(-0.054313,0.0528907)(0.121608,0)(-0.0291077,-0.0422197)(0.0579377,0.00782644)(0.0440563,0.00505152)(-0.00140309,0.036773)
(0.0334832,0.126396)(-0.017075,0.0896493)(-0.0479978,-0.0693251)(-0.0291077,0.0422197)(0.0113603,0)(0.0423352,-0.0912111)(-0.0822231,-0.00599931)(0.0021777,-0.0286791)
(0.0698448,0.0164443)(-0.0382551,0.00681348)(-0.0996824,0.0368381)(0.0579377,-0.00782644)(0.0423352,0.0912111)(0.00889042,0)(0.0233443,-0.000183855)(-0.174853,-0.00984956)
(0.139898,0.0781443)(0.150449,-0.000447731)(-0.137546,-0.0319826)(0.0440563,-0.00505152)(-0.0822231,0.00599931)(0.0233443,0.000183855)(-0.10132,0)(0.209417,0.0563484)
(-0.0377087,-0.105823)(-0.1156,0.00635919)(-0.0104229,0.0122494)(-0.00140309,-0.036773)(0.0021777,0.0286791)(-0.174853,0.00984956)(0.209417,-0.0563484)(-0.0167109,0)

(0.0780101,0)(-0.0767144,0.0305964)(-0.0298245,0.00964436)(0.191055,-0.120397)(0.0731266,-0.0364451)(-0.0403598,-0.00483237)(0.0330405,0.0130798)(-0.0647545,0.0128774)
(-0.0767144,-0.0305964)(0.0863315,0)(0.122586,0.000908534)(0.0664447,0.0431215)(0.0481863,0.077031)(-0.0322462,-0.154846)(-0.0522243,0.130172)(-0.0360412,0.0521497)
(-0.0298245,-0.00964436)(0.122586,-0.000908534)(0.129779,0)(0.0546721,-0.0707555)(-0.165838,0.0647808)(0.0666374,-0.0171143)(-0.0613015,0.100888)(-0.0932504,-0.250648)
(0.191055,0.120397)(0.0664447,-0.0431215)(0.0546721,0.0707555)(-0.199713,0)(0.0249265,0.0500988)(-0.0594289,0.000257081)(0.122072,-0.0619706)(0.0717543,-0.0987483)
(0.0731266,0.0364451)(0.0481863,-0.077031)(-0.165838,-0.0647808)(0.0249265,-0.0500988)(0.0129903,0)(0.0407154,0.0897104)(0.0203642,0.0108471)(-0.028192,-0.144655)
(-0.0403598,0.00483237)(-0.0322462,0.154846)(0.0666374,0.0171143)(-0.0594289,-0.000257081)(0.0407154,-0.0897104)(-0.060476,0)(-0.0697276,0.107462)(0.0955497,-0.00176092)
(0.0330405,-0.0130798)(-0.0522243,-0.130172)(-0.0613015,-0.100888)(0.122072,0.0619706)(0.0203642,-0.0108471)(-0.0697276,-0.107462)(0.136006,0)(0.00259058,-0.0996666)
(-0.0647545,-0.0128774)(-0.0360412,-0.0521497)(-0.0932504,0.250648)(0.0717543,0.0987483)(-0.028192,0.144655)(0.0955497,0.00176092)(0.00259058,0.0996666)(-0.182928,0)

(0.00565846,0)(0.0141244,0.017007)(-0.0759802,-0.163642)(0.0241251,-0.062412)(0.0966527,0.0934767)(-0.119756,-0.079631)(-0.0835348,-0.0184974)(-0.0522001,-0.0584512)
(0.0141244,-0.017007)(-0.0156274,0)(-0.0807061,0.0433241)(0.022129,-0.0478448)(0.205857,0.206868)(-0.041509,-0.0242217)(0.0858296,-0.116734)(0.138922,0.0477656)
(-0.0759802,0.163642)(-0.0807061,-0.0433241)(-0.0391101,0)(0.0263095,-0.0904152)(0.0254873,-0.138213)(0.128303,0.0438516)(-0.226577,0.0379897)(0.000210468,0.171233)
(0.0241251,0.062412)(0.022129,0.0478448)(0.0263095,0.0904152)(-0.0444651,0)(-0.108799,0.119683)(0.135756,-0.131967)(0.0944625,-0.0124999)(0.0438495,-0.109043)
(0.0966527,-0.0934767)(0.205857,-0.206868)(0.0254873,0.138213)(-0.108799,-0.119683)(0.0117874,0)(-0.0522614,0.0964972)(-0.0381519,-0.00618243)(-0.0147806,0.00114456)
(-0.119756,0.079631)(-0.041509,0.0242217)(0.128303,-0.0438516)(0.135756,0.131967)(-0.0522614,-0.0964972)(-0.04594,0)(0.0309926,0.00680728)(0.0887233,0.102239)
(-0.0835348,0.0184974)(0.0858296,0.116734)(-0.226577,-0.0379897)(0.0944625,0.0124999)(-0.0381519,0.00618243)(0.0309926,-0.00680728)(0.150672,0)(0.0954088,0.000783605)
(-0.0522001,0.0584512)(0.138922,-0.0477656)(0.000210468,-0.171233)(0.0438495,0.109043)(-0.0147806,-0.00114456)(0.0887233,-0.102239)(0.0954088,-0.000783605)(-0.0229751,0)

6.54243
