0.408248
(-0.00734333,0)(-0.139471,-0.0637322)(-0.0422703,-0.0828046)(-0.0842565,-0.0634145)(-0.0359528,0.033344)(0.070299,0.0230182)
(-0.139471,0.0637322)(-0.0631716,0)(0.0181136,0.00548018)(0.158455,-0.107394)(-0.0384552,0.150432)(-0.0629699,0.00201769)
(-0.0422703,0.0828046)(0.0181136,-0.00548018)(-0.155475,0)(0.0637672,-0.0166422)(-0.0387815,0.0259529)(-0.151644,-0.021946)
(-0.0842565,0.0634145)(0.158455,0.107394)(0.0637672,0.0166422)(0.0991643,0)(0.00205036,-0.155355)(-0.103971,-0.00535483)
(-0.0359528,-0.033344)(-0.0384552,-0.150432)(-0.0387815,-0.0259529)(0.00205036,0.155355)(0.0409467,0)(0.109318,-0.0752311)
(0.070299,-0.0230182)(-0.0629699,-0.00201769)(-0.151644,0.021946)(-0.103971,0.00535483)(0.109318,0.0752311)(0.0858787,0)

(-0.00827157,0)(-0.11667,-0.0370371)(0.158367,-0.391932)(0.157927,-0.142346)(-0.0104947,-0.0669626)(0.0103086,-0.237063)
(-0.11667,0.0370371)(-0.00181015,0)(0.283996,0.187836)(0.272797,0.0196372)(-0.254922,-0.03942)(0.0757092,0.222891)
(0.158367,0.391932)(0.283996,-0.187836)(-0.299914,0)(0.253043,-0.118713)(-0.00570856,0.0838322)(-0.0577963,0.0746768)
(0.157927,0.142346)(0.272797,-0.0196372)(0.253043,0.118713)(0.076391,0)(0.00964718,0.0177986)(0.229102,-0.243091)
(-0.0104947,0.0669626)(-0.254922,0.03942)(-0.00570856,-0.0838322)(0.00964718,-0.0177986)(0.154976,0)(0.292405,0.0541909)
(0.0103086,0.237063)(0.0757092,-0.222891)(-0.0577963,-0.0746768)(0.229102,0.243091)(0.292405,-0.0541909)(0.0786289,0)

(0.0371421,0)(-0.125621,0.0581724)(-0.0704513,0.146137)(-0.0513815,-0.0377403)(-0.130209,-0.0611472)(0.0596217,0.0593527)
(-0.125621,-0.0581724)(0.177001,0)(-0.263797,0.0428414)(0.0100272,-0.387261)(-0.175556,0.00380186)(0.0745015,0.000995196)
(-0.0704513,-0.146137)(-0.263797,-0.0428414)(-0.338464,0)(0.0819202,-0.0969592)(0.0334531,0.217097)(-0.25173,-0.00751148)
(-0.0513815,0.0377403)(0.0100272,0.387261)(0.0819202,0.0969592)(-0.00734904,0)(0.122052,-0.142058)(-0.0439636,0.0567388)
(-0.130209,0.0611472)(-0.175556,-0.00380186)(0.0334531,-0.217097)(0.122052,0.142058)(0.0442224,0)(0.020315,-0.150413)
(0.0596217,-0.0593527)(0.0745015,-0.000995196)(-0.25173,0.00751148)(-0.0439636,-0.0567388)(0.020315,0.150413)(0.087447,0)

(0.19723,0)(0.0991577,-0.115268)(0.12028,0.0589483)(0.101421,0.0262535)(0.0512185,-0.113562)(-0.0286045,-0.0613223)
(0.0991577,0.115268)(-0.0324348,0)(-0.24225,0.052209)(0.256395,0.109491)(0.085402,0.0422544)(0.123427,-0.207904)
(0.12028,-0.0589483)(-0.24225,-0.052209)(0.0136534,0)(0.0770759,0.00603032)(0.169519,-0.116696)(0.0387483,-0.0534147)
(0.101421,-0.0262535)(0.256395,-0.109491)(0.0770759,-0.00603032)(-0.406684,0)(0.277558,-0.204328)(0.190062,0.0884955)
(0.0512185,0.113562)(0.085402,-0.0422544)(0.169519,0.116696)(0.277558,0.204328)(0.379485,0)(-0.0849034,-0.0707272)
(-0.0286045,0.0613223)(0.123427,0.207904)(0.0387483,0.0534147)(0.190062,-0.0884955)(-0.0849034,0.0707272)(-0.15125,0)

(-0.177658,0)(0.107659,0.0193647)(0.167699,0.280802)(0.00883585,-0.0755013)(0.146443,0.328102)(-0.0851491,-0.104199)
(0.107659,-0.0193647)(0.0231111,0)(-0.100176,-0.160257)(-0.152256,-0.000650813)(0.141505,0.00829178)(0.148927,-0.332913)
(0.167699,-0.280802)(-0.100176,0.160257)(0.196477,0)(-0.0639729,-0.133137)(0.0453612,0.021654)(0.00580549,-0.0643272)
(0.00883585,0.0755013)(-0.152256,0.000650813)(-0.0639729,0.133137)(-0.00715864,0)(0.0181325,0.0487362)(-0.201938,0.00109509)
(0.146443,-0.328102)(0.141505,-0.00829178)(0.0453612,-0.021654)(0.0181325,-0.0487362)(0.125264,0)(0.07252,0.0940964)
(-0.0851491,0.104199)(0.148927,0.332913)(0.00580549,0.0643272)(-0.201938,-0.00109509)(0.07252,-0.0940964)(-0.160036,0)

(-0.0337098,0)(-0.111878,0.0994929)(0.12281,0.0240695)(0.28705,0.0732079)(-0.00154411,0.0614849)(-0.018119,-0.0172355)
(-0.111878,-0.0994929)(0.266348,0)(-0.121522,-0.0183577)(-0.181002,-0.25255)(-0.107157,-0.0378082)(0.0391005,0.10287)
(0.12281,-0.0240695)(-0.121522,0.0183577)(0.0736545,0)(-0.0721711,0.0194596)(-0.0554365,0.226153)(-0.173682,-0.241067)
(0.28705,-0.0732079)(-0.181002,0.25255)(-0.0721711,-0.0194596)(-0.0230893,0)(0.0835337,-0.0167014)(-0.377201,-0.0871186)
(-0.00154411,-0.0614849)(-0.107157,0.0378082)(-0.0554365,-0.226153)(0.0835337,0.0167014)(-0.161677,0)(-0.00747895,-0.0208606)
(-0.018119,0.0172355)(0.0391005,-0.10287)(-0.173682,0.241067)(-0.377201,0.0871186)(-0.00747895,0.0208606)(-0.121527,0)

(-0.139135,0)(-0.012546,-0.154013)(0.27945,-0.291594)(-0.161,-0.0541893)(-0.117224,-0.123466)(0.0456461,0.061898)
(-0.012546,0.154013)(0.0470257,0)(0.0511559,-0.0857777)(0.107426,0.0262258)(0.32335,0.100241)(0.0254767,-0.263462)
(0.27945,0.291594)(0.0511559,0.0857777)(0.0891369,0)(0.230191,0.00112004)(-0.0740033,-0.175828)(-0.144887,-0.00676057)
(-0.161,0.0541893)(0.107426,-0.0262258)(0.230191,-0.00112004)(-0.184176,0)(0.0671478,0.0198769)(0.0786014,0.0799585)
(-0.117224,0.123466)(0.32335,-0.100241)(-0.0740033,0.175828)(0.0671478,-0.0198769)(0.204858,0)(0.235601,-0.1424)
(0.0456461,-0.061898)(0.0254767,0.263462)(-0.144887,0.00676057)(0.0786014,-0.0799585)(0.235601,0.1424)(-0.0177099,0)

(-0.325512,0)(0.0432683,-0.272891)(-0.170674,0.107478)(0.0324865,0.193086)(0.117866,0.01059)(-0.159599,-0.193814)
(0.0432683,0.272891)(-0.0572984,0)(-0.0365084,-0.291807)(0.0483734,0.000700907)(-0.00413508,0.104979)(0.275777,0.00136059)
(-0.170674,-0.107478)(-0.0365084,0.291807)(-0.289925,0)(0.0168695,0.051154)(0.152579,-0.123617)(-0.201262,0.127173)
(0.0324865,-0.193086)(0.0483734,-0.000700907)(0.0168695,-0.051154)(0.302163,0)(0.00115755,0.0399512)(0.181602,-0.0375937)
(0.117866,-0.01059)(-0.00413508,-0.104979)(0.152579,0.123617)(0.00115755,-0.0399512)(0.138745,0)(0.0998363,-0.237233)
(-0.159599,0.193814)(0.275777,-0.00136059)(-0.201262,-0.127173)(0.181602,0.0375937)(0.0998363,0.237233)(0.231827,0)

(-0.130081,0)(0.178121,-0.0557879)(0.195823,-0.0200022)(0.00709118,-0.119759)(0.085485,-0.131903)(-0.0934109,0.0522685)
(0.178121,0.0557879)(0.0855701,0)(-0.0717185,-0.135963)(0.0277985,-0.132427)(-0.0118759,0.0297697)(-0.195859,-0.143569)
(0.195823,0.0200022)(-0.0717185,0.135963)(0.0266022,0)(-0.272459,-0.0689253)(0.0706266,0.148516)(-0.0644724,0.0592623)
(0.00709118,0.119759)(0.0277985,0.132427)(-0.272459,0.0689253)(0.139242,0)(0.143066,0.0424988)(-0.0814608,-0.174219)
(0.085485,0.131903)(-0.0118759,-0.0297697)(0.0706266,-0.148516)(0.143066,-0.0424988)(0.0832818,0)(0.118421,0.049062)
(-0.0934109,-0.0522685)(-0.195859,0.143569)(-0.0644724,-0.0592623)(-0.0814608,0.174219)(0.118421,-0.049062)(-0.204615,0)

(0.179177,0)(-0.00464779,-0.128158)(0.278007,-0.327303)(-0.399655,-0.0277187)(-0.0528326,0.420511)(0.226432,0.407435)
(-0.00464779,0.128158)(0.289414,0)(0.0734078,0.512482)(0.00108427,0.261369)(0.259708,0.0225583)(0.317825,0.180242)
(0.278007,0.327303)(0.0734078,-0.512482)(-0.261359,0)(-0.22687,-0.159504)(0.168701,-0.203029)(-0.395305,-0.263306)
(-0.399655,0.0277187)(0.00108427,-0.261369)(-0.22687,0.159504)(0.461475,0)(0.0552998,-0.19115)(-0.193217,-0.360349)
(-0.0528326,-0.420511)(0.259708,-0.0225583)(0.168701,0.203029)(0.0552998,0.19115)(-0.364628,0)(0.146511,-0.487754)
(0.226432,-0.407435)(0.317825,-0.180242)(-0.395305,0.263306)(-0.193217,0.360349)(0.146511,0.487754)(-0.304079,0)

(0.119943,0)(0.245827,0.0577546)(-0.150301,-0.00543248)(-0.0240703,-0.289645)(-0.0645784,0.128267)(0.28608,0.155876)
(0.245827,-0.0577546)(-0.431958,0)(0.133996,-0.265303)(-0.138281,-0.0132819)(0.300478,0.455681)(0.279852,-0.135903)
(-0.150301,0.00543248)(0.133996,0.265303)(-0.0096313,0)(0.0685638,-0.161277)(0.136739,0.135469)(-0.149021,0.102181)
(-0.0240703,0.289645)(-0.138281,0.0132819)(0.0685638,0.161277)(0.211241,0)(0.176078,-0.32441)(0.0522822,-0.17284)
(-0.0645784,-0.128267)(0.300478,-0.455681)(0.136739,-0.135469)(0.176078,0.32441)(-0.660749,0)(-0.0666563,0.162957)
(0.28608,-0.155876)(0.279852,0.135903)(-0.149021,-0.102181)(0.0522822,0.17284)(-0.0666563,-0.162957)(0.771154,0)

(0.094668,0)(-0.275261,0.114225)(0.437641,-0.145866)(-0.0760065,0.0675489)(0.156367,0.0864382)(-0.0681277,0.0476515)
(-0.275261,-0.114225)(0.401774,0)(0.282688,0.369982)(0.117793,-0.149265)(-0.259479,-0.0553884)(0.110888,-0.420191)
(0.437641,0.145866)(0.282688,-0.369982)(0.0856571,0)(0.0862612,0.291279)(-0.132588,-0.327552)(0.0429737,0.208919)
(-0.0760065,-0.0675489)(0.117793,0.149265)(0.0862612,-0.291279)(-0.605463,0)(-0.182665,0.018274)(-0.361484,0.293736)
(0.156367,-0.0864382)(-0.259479,0.0553884)(-0.132588,0.327552)(-0.182665,-0.018274)(-0.438981,0)(0.0695048,-0.138859)
(-0.0681277,-0.0476515)(0.110888,0.420191)(0.0429737,-0.208919)(-0.361484,-0.293736)(0.0695048,0.138859)(0.462346,0)

(0.30894,0)(-0.0631524,0.175885)(-0.110924,-0.256202)(-0.0140649,0.0341186)(-0.420321,-0.34718)(0.336588,-0.175191)
(-0.0631524,-0.175885)(0.751515,0)(-0.17235,0.186642)(0.0723412,0.311504)(0.474284,-0.0728466)(0.0339513,0.0775113)
(-0.110924,0.256202)(-0.17235,-0.186642)(-0.122634,0)(-0.364511,0.0811236)(-0.0749838,-0.0430228)(0.0800954,0.11081)
(-0.0140649,-0.0341186)(0.0723412,-0.311504)(-0.364511,-0.0811236)(-0.616121,0)(0.224157,0.123039)(-0.214293,-0.289427)
(-0.420321,0.34718)(0.474284,0.0728466)(-0.0749838,0.0430228)(0.224157,-0.123039)(0.198083,0)(-0.29859,-0.242119)
(0.336588,0.175191)(0.0339513,-0.0775113)(0.0800954,-0.11081)(-0.214293,0.289427)(-0.29859,0.242119)(-0.519782,0)

(-0.13722,0)(0.0331299,0.34444)(-0.505037,0.172722)(-0.4789,-0.383372)(0.201212,0.0640085)(0.0188427,-0.199752)
(0.0331299,-0.34444)(0.0904604,0)(0.206762,-0.0423384)(-0.478482,-0.106877)(-0.13897,0.0379529)(0.0866182,-0.174582)
(-0.505037,-0.172722)(0.206762,0.0423384)(0.251633,0)(-0.257754,0.0430975)(-0.259824,0.273756)(0.325083,0.034768)
(-0.4789,0.383372)(-0.478482,0.106877)(-0.257754,-0.0430975)(-0.427435,0)(0.378737,-0.184616)(0.145602,-0.681389)
(0.201212,-0.0640085)(-0.13897,-0.0379529)(-0.259824,-0.273756)(0.378737,0.184616)(0.184418,0)(0.662615,0.270325)
(0.0188427,0.199752)(0.0866182,0.174582)(0.325083,-0.034768)(0.145602,0.681389)(0.662615,-0.270325)(0.0381434,0)

(0.196079,0)(-0.0784886,0.188262)(-0.27567,-0.263463)(0.372941,-0.454489)(0.010589,-0.387041)(0.0691603,-0.2165)
(-0.0784886,-0.188262)(0.291284,0)(-0.576948,0.0629256)(-0.262539,0.306337)(0.397961,0.0262979)(-0.262284,0.334952)
(-0.27567,0.263463)(-0.576948,-0.0629256)(-0.232251,0)(0.22972,-0.0491749)(-0.112058,-0.317667)(-0.248215,-0.369254)
(0.372941,0.454489)(-0.262539,-0.306337)(0.22972,0.0491749)(0.107982,0)(0.0917753,-0.341368)(-0.649975,0.5182)
(0.010589,0.387041)(0.397961,-0.0262979)(-0.112058,0.317667)(0.0917753,0.341368)(0.055118,0)(0.271843,0.394668)
(0.0691603,0.2165)(-0.262284,-0.334952)(-0.248215,0.369254)(-0.649975,-0.5182)(0.271843,-0.394668)(-0.418212,0)

(0.471758,0)(-0.465859,-0.066102)(0.475898,0.00949106)(0.345587,0.273909)(-0.13021,-0.180338)(0.326136,0.108371)
(-0.465859,0.066102)(-0.299467,0)(0.0919319,-0.275927)(0.0526744,-0.334188)(-0.141945,0.764507)(-0.199101,-0.247256)
(0.475898,-0.00949106)(0.0919319,0.275927)(0.100218,0)(-0.0196768,-0.157484)(-0.0277099,-0.0685471)(-0.600137,-0.135096)
(0.345587,-0.273909)(0.0526744,0.334188)(-0.0196768,0.157484)(-0.221306,0)(-0.477506,-0.127655)(0.438337,0.267964)
(-0.13021,0.180338)(-0.141945,-0.764507)(-0.0277099,0.0685471)(-0.477506,0.127655)(-0.00147586,0)(-0.155531,-0.245355)
(0.326136,-0.108371)(-0.199101,0.247256)(-0.600137,0.135096)(0.438337,-0.267964)(-0.155531,0.245355)(-0.0497275,0)

(0.0451365,0)(-0.0254686,-0.0589534)(-0.194888,0.0360858)(-0.427618,-0.0538393)(0.0505006,-0.0948894)(0.0131762,-0.428578)
(-0.0254686,0.0589534)(0.141912,0)(0.245299,-0.329152)(-0.511036,0.113586)(0.425774,0.330602)(-0.411372,0.222892)
(-0.194888,-0.0360858)(0.245299,0.329152)(-0.191518,0)(0.0813931,0.125837)(-0.078415,-0.102831)(-0.19735,0.230358)
(-0.427618,0.0538393)(-0.511036,-0.113586)(0.0813931,-0.125837)(0.131966,0)(0.0232533,0.146867)(0.646252,-0.510448)
(0.0505006,0.0948894)(0.425774,-0.330602)(-0.078415,0.102831)(0.0232533,-0.146867)(-0.357367,0)(0.0916325,0.370041)
(0.0131762,0.428578)(-0.411372,-0.222892)(-0.19735,-0.230358)(0.646252,0.510448)(0.0916325,-0.370041)(0.229871,0)

(-0.0754374,0)(0.152342,-0.118599)(-0.142894,-0.163539)(0.0795923,-0.0682761)(0.167433,-0.0728275)(0.146844,-0.174358)
(0.152342,0.118599)(-0.394667,0)(-0.238702,-0.277706)(0.177872,-0.0702923)(-0.0642423,0.0724862)(0.0783954,-0.209693)
(-0.142894,0.163539)(-0.238702,0.277706)(0.310573,0)(-0.252724,-0.234441)(-0.10146,-0.0724137)(0.186372,-0.115808)
(0.0795923,0.0682761)(0.177872,0.0702923)(-0.252724,0.234441)(0.297342,0)(-0.184316,-0.0147945)(-0.0708373,-0.133219)
(0.167433,0.0728275)(-0.0642423,-0.0724862)(-0.10146,0.0724137)(-0.184316,0.0147945)(0.111849,0)(0.0906926,0.383503)
(0.146844,0.174358)(0.0783954,0.209693)(0.186372,0.115808)(-0.0708373,0.133219)(0.0906926,-0.383503)(-0.249659,0)

183.032
