1
(0.0127339,0)(-0.193428,0.0511368)(-0.108511,-0.178935)(-0.238881,0.232406)(0.0190807,0.353016)(-0.147105,-0.0399974)
(-0.193428,-0.0511368)(-0.206675,0)(0.293524,0.0567545)(-0.00418176,-0.209426)(-0.0450792,0.25046)(-0.00838239,-0.144761)
(-0.108511,0.178935)(0.293524,-0.0567545)(0.00454108,0)(-0.13096,0.163886)(0.206337,-0.257475)(-0.178371,-0.105821)
(-0.238881,-0.232406)(-0.00418176,0.209426)(-0.13096,-0.163886)(-0.0766555,0)(-0.320354,0.137363)(-0.183732,0.137722)
(0.0190807,-0.353016)(-0.0450792,-0.25046)(0.206337,0.257475)(-0.320354,-0.137363)(0.158771,0)(0.13646,-0.07487)
(-0.147105,0.0399974)(-0.00838239,0.144761)(-0.178371,0.105821)(-0.183732,-0.137722)(0.13646,0.07487)(0.107284,0)

(-0.0423255,0)(-0.0664132,-0.129457)(-0.0617978,0.155976)(0.0605892,0.176122)(0.0583618,-0.177559)(-0.0297428,0.0431346)
(-0.0664132,0.129457)(-0.090254,0)(0.0364598,-0.315957)(0.193545,0.168714)(-0.168065,-0.300569)(0.136679,-0.0790723)
(-0.0617978,-0.155976)(0.0364598,0.315957)(-0.251113,0)(0.465406,0.0766437)(0.294069,-0.199847)(0.244445,0.0176901)
(0.0605892,-0.176122)(0.193545,-0.168714)(0.465406,-0.0766437)(-0.295359,0)(-0.0863304,-0.22205)(-0.0728912,0.0336843)
(0.0583618,0.177559)(-0.168065,0.300569)(0.294069,0.199847)(-0.0863304,0.22205)(0.581776,0)(0.224703,0.309581)
(-0.0297428,-0.0431346)(0.136679,0.0790723)(0.244445,-0.0176901)(-0.0728912,-0.0336843)(0.224703,-0.309581)(0.097275,0)

(0.180519,0)(-0.0158371,-0.336163)(0.0776138,-0.181447)(0.0225548,-0.0169919)(-0.210379,-0.0442031)(0.157639,0.0641739)
(-0.0158371,0.336163)(-0.255121,0)(0.203587,0.126327)(0.155273,-0.345713)(-0.162985,-0.0586175)(-0.122571,0.392035)
(0.0776138,0.181447)(0.203587,-0.126327)(0.0938258,0)(0.114897,0.293164)(-0.112926,0.0371856)(-0.410871,-0.0574566)
(0.0225548,0.0169919)(0.155273,0.345713)(0.114897,-0.293164)(0.137011,0)(-0.403217,-0.199781)(-0.109194,-0.356178)
(-0.210379,0.0442031)(-0.162985,0.0586175)(-0.112926,-0.0371856)(-0.403217,0.199781)(-0.237612,0)(-0.0235509,-0.0580628)
(0.157639,-0.0641739)(-0.122571,-0.392035)(-0.410871,0.0574566)(-0.109194,0.356178)(-0.0235509,0.0580628)(0.0813776,0)

(0.0216446,0)(-0.276528,0.461047)(-0.277865,-0.17037)(0.0629432,-0.0757352)(-0.206412,-0.183243)(-0.339816,-0.0384932)
(-0.276528,-0.461047)(-0.0930405,0)(-0.0126568,-0.10556)(-0.0812723,0.0242457)(-0.0326784,0.0784605)(-0.214607,-0.246601)
(-0.277865,0.17037)(-0.0126568,0.10556)(-0.051997,0)(0.474319,0.0419341)(-0.104744,0.252338)(0.279791,-0.178028)
(0.0629432,0.0757352)(-0.0812723,-0.0242457)(0.474319,-0.0419341)(-0.167086,0)(0.119506,0.0942455)(0.178485,0.322758)
(-0.206412,0.183243)(-0.0326784,-0.0784605)(-0.104744,-0.252338)(0.119506,-0.0942455)(0.0919374,0)(0.294778,-0.086569)
(-0.339816,0.0384932)(-0.214607,0.246601)(0.279791,0.178028)(0.178485,-0.322758)(0.294778,0.086569)(0.198542,0)

(0.110884,0)(0.150717,-0.100101)(-0.079647,-0.00568024)(0.0700282,-0.376874)(-0.172241,0.0672314)(0.162739,0.310975)
(0.150717,0.100101)(-0.258123,0)(-0.0131691,0.464361)(0.353428,0.04271)(-0.0759343,-0.199681)(0.274317,0.164576)
(-0.079647,0.00568024)(-0.0131691,-0.464361)(0.240337,0)(0.0812977,-0.184933)(-0.126617,-0.480344)(-0.148165,-0.00616067)
(0.0700282,0.376874)(0.353428,-0.04271)(0.0812977,0.184933)(-0.0404387,0)(0.0150168,0.0581678)(0.044102,-0.29294)
(-0.172241,-0.0672314)(-0.0759343,0.199681)(-0.126617,0.480344)(0.0150168,-0.0581678)(0.0990437,0)(-0.461902,-0.0336897)
(0.162739,-0.310975)(0.274317,-0.164576)(-0.148165,0.00616067)(0.044102,0.29294)(-0.461902,0.0336897)(-0.151703,0)

(0.228577,0)(0.0622495,-0.417266)(-0.00177673,-0.364828)(-0.0984677,-0.278803)(-0.112851,0.110239)(0.0217292,-0.00990702)
(0.0622495,0.417266)(0.0121066,0)(-0.755882,0.124643)(0.324657,-0.130748)(0.0914657,0.241116)(0.0385327,-0.280375)
(-0.00177673,0.364828)(-0.755882,-0.124643)(-0.325528,0)(0.164027,0.066597)(0.0416475,0.178423)(0.0441937,-0.0463356)
(-0.0984677,0.278803)(0.324657,0.130748)(0.164027,-0.066597)(0.159125,0)(0.255175,-0.307514)(-0.137091,0.135097)
(-0.112851,-0.110239)(0.0914657,-0.241116)(0.0416475,-0.178423)(0.255175,0.307514)(0.0724643,0)(0.0472899,0.0290205)
(0.0217292,0.00990702)(0.0385327,0.280375)(0.0441937,0.0463356)(-0.137091,-0.135097)(0.0472899,-0.0290205)(-0.146745,0)

(-0.0636239,0)(0.12656,-0.171123)(-0.522199,0.141408)(0.0603366,-0.157647)(0.62884,-0.202301)(-0.234124,0.0671399)
(0.12656,0.171123)(-0.0349822,0)(-0.263293,0.0711015)(0.154977,-0.295432)(0.253202,0.265664)(0.315578,-0.255403)
(-0.522199,-0.141408)(-0.263293,-0.0711015)(0.43168,0)(0.366058,-0.361712)(-0.121188,0.248854)(0.266119,0.0187757)
(0.0603366,0.157647)(0.154977,0.295432)(0.366058,0.361712)(-0.127406,0)(0.214194,-0.167525)(-0.10142,0.171545)
(0.62884,0.202301)(0.253202,-0.265664)(-0.121188,-0.248854)(0.214194,0.167525)(0.25009,0)(0.222577,-0.11922)
(-0.234124,-0.0671399)(0.315578,0.255403)(0.266119,-0.0187757)(-0.10142,-0.171545)(0.222577,0.11922)(-0.455758,0)

(0.379713,0)(0.24643,-0.157036)(-0.613294,-0.145219)(0.072572,-0.169253)(0.0219464,-0.096011)(-0.0744264,-0.422405)
(0.24643,0.157036)(-0.427267,0)(0.446905,-0.02429)(-0.0213794,-0.0155741)(-0.0779,0.0615261)(-0.173093,0.0389721)
(-0.613294,0.145219)(0.446905,0.02429)(-0.108465,0)(-0.264547,-0.135471)(0.0113173,0.0960837)(-0.186251,-0.323323)
(0.072572,0.169253)(-0.0213794,0.0155741)(-0.264547,0.135471)(-0.0940218,0)(-0.166364,0.254102)(0.121306,-0.000564611)
(0.0219464,0.096011)(-0.0779,-0.0615261)(0.0113173,-0.0960837)(-0.166364,-0.254102)(0.110691,0)(-0.198353,-0.110883)
(-0.0744264,0.422405)(-0.173093,-0.0389721)(-0.186251,0.323323)(0.121306,0.000564611)(-0.198353,0.110883)(0.13935,0)

(-0.360337,0)(-0.353056,0.000974006)(0.223822,-0.543109)(0.174813,-0.158618)(-0.312238,-0.00460385)(-0.163936,-0.0570909)
(-0.353056,-0.000974006)(-0.337822,0)(-0.113657,-0.189776)(-0.493268,0.288085)(0.00710709,0.203715)(0.269266,-0.145529)
(0.223822,0.543109)(-0.113657,0.189776)(0.231229,0)(-0.0369623,0.142217)(-0.0393553,0.0319307)(0.14077,-0.0332111)
(0.174813,0.158618)(-0.493268,-0.288085)(-0.0369623,-0.142217)(-0.0520121,0)(0.0441146,-0.126304)(0.206928,-0.0498767)
(-0.312238,0.00460385)(0.00710709,-0.203715)(-0.0393553,-0.0319307)(0.0441146,0.126304)(0.273998,0)(0.0617362,-0.18934)
(-0.163936,0.0570909)(0.269266,0.145529)(0.14077,0.0332111)(0.206928,0.0498767)(0.0617362,0.18934)(0.244945,0)

(-1.29824,0)(-0.568902,-0.365766)(-0.475986,-0.145667)(-0.759464,0.829681)(-0.136674,-0.299335)(0.448244,-0.432568)
(-0.568902,0.365766)(0.379115,0)(0.434635,-0.267409)(-0.326214,0.239429)(1.41512,-0.432878)(0.321191,-0.186196)
(-0.475986,0.145667)(0.434635,0.267409)(1.11731,0)(-0.414286,0.369464)(0.127178,-0.643367)(-1.24109,-1.15699)
(-0.759464,-0.829681)(-0.326214,-0.239429)(-0.414286,-0.369464)(0.373474,0)(0.112723,-0.591524)(-0.260526,0.485553)
(-0.136674,0.299335)(1.41512,0.432878)(0.127178,0.643367)(0.112723,0.591524)(0.615146,0)(0.455061,-1.05005)
(0.448244,0.432568)(0.321191,0.186196)(-1.24109,1.15699)(-0.260526,-0.485553)(0.455061,1.05005)(-1.1868,0)

(-0.110461,0)(0.0187514,0.309006)(-0.0590033,0.5055)(-1.07734,-0.405889)(-0.194153,0.218738)(-2.59509e-005,-0.484435)
(0.0187514,-0.309006)(0.307544,0)(0.253524,-1.21013)(0.372215,-0.919875)(-0.762344,-0.53111)(-0.320085,0.208625)
(-0.0590033,-0.5055)(0.253524,1.21013)(-1.50875,0)(0.924397,-1.23106)(0.20327,1.03742)(0.547303,-0.0402434)
(-1.07734,0.405889)(0.372215,0.919875)(0.924397,1.23106)(0.772905,0)(-0.687124,-0.647239)(0.0265964,-0.505672)
(-0.194153,-0.218738)(-0.762344,0.53111)(0.20327,-1.03742)(-0.687124,0.647239)(-0.333066,0)(-0.0145334,-2.11941)
(-2.59509e-005,0.484435)(-0.320085,-0.208625)(0.547303,0.0402434)(0.0265964,0.505672)(-0.0145334,2.11941)(0.871827,0)

(-0.109643,0)(0.117176,-0.0422208)(-0.101433,0.28941)(-0.402491,-0.440281)(0.189992,0.59272)(1.32493,-1.10134)
(0.117176,0.0422208)(-0.203686,0)(0.0941041,-0.45387)(-1.13133,-0.505583)(0.436262,-0.402205)(1.23155,-0.357587)
(-0.101433,-0.28941)(0.0941041,0.45387)(-0.7416,0)(0.0233452,-0.687008)(0.960536,-1.64602)(0.685398,0.380356)
(-0.402491,0.440281)(-1.13133,0.505583)(0.0233452,0.687008)(-0.112436,0)(1.12345,-0.164771)(-0.578815,0.342205)
(0.189992,-0.59272)(0.436262,0.402205)(0.960536,1.64602)(1.12345,0.164771)(0.326619,0)(-0.777873,-0.277386)
(1.32493,1.10134)(1.23155,0.357587)(0.685398,-0.380356)(-0.578815,-0.342205)(-0.777873,0.277386)(0.840746,0)

(-0.0104842,0)(0.289738,0.212838)(0.670517,0.508219)(-0.2271,-0.505539)(0.444902,0.944377)(-0.12873,-0.269067)
(0.289738,-0.212838)(0.595408,0)(-0.0769888,-1.71344)(0.827256,0.554916)(-0.516498,-0.405844)(0.154702,-0.059589)
(0.670517,-0.508219)(-0.0769888,1.71344)(1.61864,0)(-0.673399,-0.314369)(1.21486,-0.192914)(2.03394,-1.03907)
(-0.2271,0.505539)(0.827256,-0.554916)(-0.673399,0.314369)(0.3294,0)(-0.47937,-1.24492)(-0.851414,0.357713)
(0.444902,-0.944377)(-0.516498,0.405844)(1.21486,0.192914)(-0.47937,1.24492)(-1.32073,0)(-1.62851,0.678598)
(-0.12873,0.269067)(0.154702,0.059589)(2.03394,1.03907)(-0.851414,-0.357713)(-1.62851,-0.678598)(-1.21224,0)

(0.897138,0)(-0.650306,0.482937)(-0.745392,-0.538516)(1.04818,-0.0114187)(0.410395,0.420864)(-0.297885,0.703752)
(-0.650306,-0.482937)(-0.153466,0)(0.522619,0.131985)(0.632138,1.40177)(0.696648,-0.967045)(0.174934,0.206844)
(-0.745392,0.538516)(0.522619,-0.131985)(0.376937,0)(0.155368,0.0135873)(-0.43434,0.637303)(-0.608019,0.333663)
(1.04818,0.0114187)(0.632138,-1.40177)(0.155368,-0.0135873)(0.0497991,0)(0.34236,0.227729)(-0.954209,-1.08687)
(0.410395,-0.420864)(0.696648,0.967045)(-0.43434,-0.637303)(0.34236,-0.227729)(-1.42191,0)(-0.475537,-1.37342)
(-0.297885,-0.703752)(0.174934,-0.206844)(-0.608019,-0.333663)(-0.954209,1.08687)(-0.475537,1.37342)(0.251504,0)

(0.093495,0)(0.452581,-0.724426)(0.90805,-0.550552)(-0.042904,0.633561)(0.47548,0.618286)(-0.752556,-1.07144)
(0.452581,0.724426)(0.847548,0)(-0.511623,0.939157)(0.427855,0.712701)(-0.0983403,0.403666)(0.0441981,-0.159726)
(0.90805,0.550552)(-0.511623,-0.939157)(-0.88046,0)(1.13724,-0.324531)(0.0282686,1.5617)(-0.282545,0.570954)
(-0.042904,-0.633561)(0.427855,-0.712701)(1.13724,0.324531)(-0.699071,0)(-0.00882346,-0.387298)(0.0840829,-0.219744)
(0.47548,-0.618286)(-0.0983403,-0.403666)(0.0282686,-1.5617)(-0.00882346,0.387298)(0.126253,0)(-0.256812,-0.425361)
(-0.752556,1.07144)(0.0441981,0.159726)(-0.282545,-0.570954)(0.0840829,0.219744)(-0.256812,0.425361)(0.512235,0)

(-1.01927,0)(-0.0753104,-0.0991231)(0.103627,0.839199)(0.446694,-0.127335)(0.0545101,-0.290886)(-1.38091,-1.19575)
(-0.0753104,0.0991231)(-0.293557,0)(-1.49974,-0.150726)(-0.0987949,-0.144463)(-0.0584968,0.928053)(0.201255,1.20345)
(0.103627,-0.839199)(-1.49974,0.150726)(0.233077,0)(0.302153,0.792854)(0.0865614,-0.760354)(-1.0388,-0.16349)
(0.446694,0.127335)(-0.0987949,0.144463)(0.302153,-0.792854)(-0.552584,0)(-0.0775035,-0.324611)(-0.420415,0.953787)
(0.0545101,0.290886)(-0.0584968,-0.928053)(0.0865614,0.760354)(-0.0775035,0.324611)(1.03168,0)(-0.829959,-0.294128)
(-1.38091,1.19575)(0.201255,-1.20345)(-1.0388,0.16349)(-0.420415,-0.953787)(-0.829959,0.294128)(0.60065,0)

(-1.55175,0)(-0.360444,-0.400237)(0.0357958,-0.0651791)(0.495187,0.135414)(0.0199198,0.101931)(-0.696193,-0.637885)
(-0.360444,0.400237)(0.396513,0)(0.061243,0.683534)(0.328619,0.366121)(0.522051,-0.934458)(0.339985,0.30812)
(0.0357958,0.0651791)(0.061243,-0.683534)(0.521745,0)(-0.559637,-0.0974169)(0.451987,-0.153845)(-0.331864,0.144305)
(0.495187,-0.135414)(0.328619,-0.366121)(-0.559637,0.0974169)(-0.798356,0)(-0.0285774,-0.214959)(-0.517073,-0.223228)
(0.0199198,-0.101931)(0.522051,0.934458)(0.451987,0.153845)(-0.0285774,0.214959)(0.984214,0)(0.0583733,-0.163746)
(-0.696193,0.637885)(0.339985,-0.30812)(-0.331864,-0.144305)(-0.517073,0.223228)(0.0583733,0.163746)(0.447633,0)

(-0.336497,0)(-0.255774,-0.271221)(0.368877,-1.34319)(-0.813151,-0.109011)(0.831542,-0.561053)(-0.785194,-0.535411)
(-0.255774,0.271221)(0.533776,0)(0.136864,-0.389075)(0.209505,-0.123847)(0.104282,1.21236)(0.369564,1.21144)
(0.368877,1.34319)(0.136864,0.389075)(0.0442295,0)(-0.402123,0.0754102)(-0.604246,-0.410137)(0.0276175,-0.0208743)
(-0.813151,0.109011)(0.209505,0.123847)(-0.402123,-0.0754102)(-0.0813484,0)(-0.11817,0.401742)(-0.00795432,-0.432838)
(0.831542,0.561053)(0.104282,-1.21236)(-0.604246,0.410137)(-0.11817,-0.401742)(1.12168,0)(-0.314475,-0.117742)
(-0.785194,0.535411)(0.369564,-1.21144)(0.0276175,0.0208743)(-0.00795432,0.432838)(-0.314475,0.117742)(-1.28184,0)

183.004
