0.25
(-0.142035,0)(-0.143965,0.0509181)(-0.070251,-0.0560308)(0.0570096,0.17898)(0.035128,-0.11056)(-0.173655,0.0027252)(0.0831477,0.0610223)(0.0184414,0.000119009)(0.0366934,-0.0272939)(0.180937,0.00363076)(0.00165633,0.0908197)(-0.0486039,0.0485333)(0.0317728,0.0221766)(-0.0688471,-0.137353)(-0.0820384,-0.0044936)(0.176862,-0.0932622)
(-0.143965,-0.0509181)(-0.249303,0)(-0.0353135,-0.0328139)(0.0336331,-0.0526407)(0.00123889,-0.0137328)(-0.0289235,-0.033798)(-0.132028,-0.159224)(-0.0663534,-0.145636)(-0.0845445,0.0486254)(-0.027091,0.0164179)(-0.0483367,0.0611778)(-0.0818234,0.0941478)(0.116952,0.153986)(0.0171232,-0.023759)(0.0703276,-0.0475844)(0.0579198,-0.0374119)
(-0.070251,0.0560308)(-0.0353135,0.0328139)(-0.00288872,0)(-0.000672523,-0.0373814)(0.0578009,-0.0672323)(-0.083393,-0.0146414)(-0.0989127,0.0119341)(-0.152354,-0.0414351)(0.0558637,-0.025007)(0.11575,-0.128933)(0.0177977,0.0240566)(-0.0206372,-0.0863167)(0.0288406,0.0645549)(0.0837108,-0.0469767)(0.124381,-0.0990668)(0.0710505,0.0242708)
(0.0570096,-0.17898)(0.0336331,0.0526407)(-0.000672523,0.0373814)(0.146423,0)(-0.0384808,-0.0730651)(-0.0220743,-0.0244101)(0.0136422,-0.115003)(0.233497,0.179078)(0.0222038,-0.151133)(0.0417148,-0.0812085)(-0.0731292,0.0749081)(-0.179898,-0.0191476)(0.0579406,0.120785)(-0.0505902,0.209669)(-0.160484,-0.0894916)(-0.0676433,-0.0546386)
(0.035128,0.11056)(0.00123889,0.0137328)(0.0578009,0.0672323)(-0.0384808,0.0730651)(-0.217355,0)(0.0289661,-0.119929)(0.0470404,0.0310274)(-0.0131034,0.082056)(-0.053189,-0.101351)(-0.0854888,0.134991)(-0.00455202,0.0731736)(-0.0219601,-0.0267607)(-0.11372,0.100869)(0.0519125,-0.0991159)(-0.0310609,0.0788578)(-0.0740019,0.217478)
(-0.173655,-0.0027252)(-0.0289235,0.033798)(-0.083393,0.0146414)(-0.0220743,0.0244101)(0.0289661,0.119929)(0.136241,0)(-0.10475,-0.0192007)(0.168285,-0.0366514)(-0.014236,0.00851385)(-0.0961415,0.0171557)(0.0801378,0.0700094)(0.0377018,0.0487105)(0.00594776,0.0309759)(-0.0452744,0.0952022)(0.0947604,0.0206749)(-0.0876412,0.0533232)
(0.0831477,-0.0610223)(-0.132028,0.159224)(-0.0989127,-0.0119341)(0.0136422,0.115003)(0.0470404,-0.0310274)(-0.10475,0.0192007)(0.104965,0)(-0.027228,0.0831943)(-0.100673,-0.089765)(-0.0263222,0.0328797)(-0.0360142,-0.0360305)(-0.0347956,-0.0368463)(-0.194807,0.173624)(-0.123921,-0.0759317)(-0.205818,-0.0715997)(0.0924274,0.0439855)
(0.0184414,-0.000119009)(-0.0663534,0.145636)(-0.152354,0.0414351)(0.233497,-0.179078)(-0.0131034,-0.082056)(0.168285,0.0366514)(-0.027228,-0.0831943)(0.0450024,0)(0.0138481,-0.0340046)(-0.103875,-0.000302048)(0.0529234,-0.0283702)(0.0644046,0.11801)(0.0221773,0.0747391)(0.0201931,0.096149)(-0.0395728,0.0712515)(0.0289862,-0.046394)
(0.0366934,0.0272939)(-0.0845445,-0.0486254)(0.0558637,0.025007)(0.0222038,0.151133)(-0.053189,0.101351)(-0.014236,-0.00851385)(-0.100673,0.089765)(0.0138481,0.0340046)(-0.196791,0)(-0.0236292,0.059828)(-0.00415863,0.00915476)(0.0729823,0.0661414)(-0.136476,-0.0406637)(-0.0509617,-0.0356472)(-0.0664533,-0.0709935)(-0.0237855,0.00436649)
(0.180937,-0.00363076)(-0.027091,-0.0164179)(0.11575,0.128933)(0.0417148,0.0812085)(-0.0854888,-0.134991)(-0.0961415,-0.0171557)(-0.0263222,-0.0328797)(-0.103875,0.000302048)(-0.0236292,-0.059828)(-0.0525044,0)(-0.0714227,0.087929)(0.0684933,0.000705876)(0.0331121,0.0743617)(0.175923,-0.0508017)(0.140106,0.135789)(0.141958,-0.137373)
(0.00165633,-0.0908197)(-0.0483367,-0.0611778)(0.0177977,-0.0240566)(-0.0731292,-0.0749081)(-0.00455202,-0.0731736)(0.0801378,-0.0700094)(-0.0360142,0.0360305)(0.0529234,0.0283702)(-0.00415863,-0.00915476)(-0.0714227,-0.087929)(-0.133166,0)(-0.0168328,-0.0544258)(-0.133215,0.0937186)(-0.208502,0.0558704)(-0.039529,0.00576669)(-0.00568799,-0.0364328)
(-0.0486039,-0.0485333)(-0.0818234,-0.0941478)(-0.0206372,0.0863167)(-0.179898,0.0191476)(-0.0219601,0.0267607)(0.0377018,-0.0487105)(-0.0347956,0.0368463)(0.0644046,-0.11801)(0.0729823,-0.0661414)(0.0684933,-0.000705876)(-0.0168328,0.0544258)(0.279888,0)(0.0524143,-0.114028)(-0.037692,-0.0953277)(-0.00714517,0.139926)(0.0261267,-0.0149382)
(0.0317728,-0.0221766)(0.116952,-0.153986)(0.0288406,-0.0645549)(0.0579406,-0.120785)(-0.11372,-0.100869)(0.00594776,-0.0309759)(-0.194807,-0.173624)(0.0221773,-0.0747391)(-0.136476,0.0406637)(0.0331121,-0.0743617)(-0.133215,-0.0937186)(0.0524143,0.114028)(-0.0574705,0)(0.0795756,0.139992)(0.163614,0.0703197)(-0.0284475,0.0985991)
(-0.0688471,0.137353)(0.0171232,0.023759)(0.0837108,0.0469767)(-0.0505902,-0.209669)(0.0519125,0.0991159)(-0.0452744,-0.0952022)(-0.123921,0.0759317)(0.0201931,-0.096149)(-0.0509617,0.0356472)(0.175923,0.0508017)(-0.208502,-0.0558704)(-0.037692,0.0953277)(0.0795756,-0.139992)(0.252878,0)(-0.0866029,0.0166033)(0.0574281,-0.00119626)
(-0.0820384,0.0044936)(0.0703276,0.0475844)(0.124381,0.0990668)(-0.160484,0.0894916)(-0.0310609,-0.0788578)(0.0947604,-0.0206749)(-0.205818,0.0715997)(-0.0395728,-0.0712515)(-0.0664533,0.0709935)(0.140106,-0.135789)(-0.039529,-0.00576669)(-0.00714517,-0.139926)(0.163614,-0.0703197)(-0.0866029,-0.0166033)(0.0444452,0)(-0.103806,0.0778145)
(0.176862,0.0932622)(0.0579198,0.0374119)(0.0710505,-0.0242708)(-0.0676433,0.0546386)(-0.0740019,-0.217478)(-0.0876412,-0.0533232)(0.0924274,-0.0439855)(0.0289862,0.046394)(-0.0237855,-0.00436649)(0.141958,0.137373)(-0.00568799,0.0364328)(0.0261267,0.0149382)(-0.0284475,-0.0985991)(0.0574281,0.00119626)(-0.103806,-0.0778145)(0.0416705,0)

(-0.12742,0)(-0.00957429,-0.169241)(0.0411982,0.0432625)(-0.0657463,0.125548)(-0.163117,-0.000829927)(-0.0905459,-0.053067)(0.0248019,-0.17303)(0.0304929,0.0613611)(0.0538208,-0.0070468)(-0.146053,-0.103867)(-0.142801,-0.00903849)(0.0392533,0.0135196)(-0.0629767,0.0970894)(0.110984,-0.0490263)(0.044993,0.00170688)(-0.0180909,-0.00963834)
(-0.00957429,0.169241)(-0.0579798,0)(0.0091533,-0.101756)(-0.0520093,-0.0953402)(0.00693397,0.0704923)(-0.08569,0.0355704)(0.0987018,-0.0920223)(0.0928464,-0.0291672)(-0.0711036,0.0103694)(0.0152087,-0.0275803)(0.131146,-0.112403)(-0.0606015,0.0605372)(0.0032335,-0.105747)(0.145228,-0.0388233)(-0.0293072,-0.0609593)(0.146342,0.0131033)
(0.0411982,-0.0432625)(0.0091533,0.101756)(0.12444,0)(0.15772,0.0255906)(0.00736564,0.178498)(0.0393833,-0.091843)(0.0630671,-0.0561976)(-0.108835,-0.132579)(0.0849671,0.212776)(-0.18716,-0.00113139)(-0.0258704,-0.0818348)(-0.0155374,0.109716)(-0.0407467,0.134009)(-0.0924547,0.221562)(-0.0853599,-0.0102921)(0.0511002,0.0873472)
(-0.0657463,-0.125548)(-0.0520093,0.0953402)(0.15772,-0.0255906)(0.00290785,0)(0.0842974,0.00475576)(0.0178265,-0.00844582)(0.00641271,0.0944964)(0.0415884,-0.0945234)(-0.0951973,0.0890721)(0.0172547,-0.107773)(-0.11669,-0.19707)(0.179647,0.205503)(0.0596935,-0.123308)(0.00775108,0.0312882)(0.126681,-0.0860053)(0.0510719,0.116537)
(-0.163117,0.000829927)(0.00693397,-0.0704923)(0.00736564,-0.178498)(0.0842974,-0.00475576)(0.0749632,0)(0.0752758,0.121021)(0.0343571,-0.223296)(-0.00583259,0.0520193)(0.150153,0.0573954)(-0.0799297,0.107)(-0.00697199,-0.107488)(-0.0626997,-0.0507804)(0.000115371,0.130744)(-0.0818415,-0.00902589)(-0.0593017,-0.0355432)(0.00619113,-0.00678479)
(-0.0905459,0.053067)(-0.08569,-0.0355704)(0.0393833,0.091843)(0.0178265,0.00844582)(0.0752758,-0.121021)(-0.0556127,0)(0.0893575,0.0561977)(-0.00576684,-0.24742)(-0.117708,-0.00682373)(0.0186788,0.00587372)(0.0531215,0.0149723)(-0.023791,0.0010616)(0.0516733,0.0223487)(0.0674459,0.0524467)(-0.0195773,-0.0926408)(0.00809668,0.0827654)
(0.0248019,0.17303)(0.0987018,0.0920223)(0.0630671,0.0561976)(0.00641271,-0.0944964)(0.0343571,0.223296)(0.0893575,-0.0561977)(0.0260754,0)(0.031454,-0.0213408)(-0.157709,-0.00177452)(-0.0715512,-0.09562)(0.241485,-0.0460071)(0.00230278,0.149952)(-0.00209166,0.023316)(0.102195,0.0269449)(0.133373,-0.101547)(-0.0980698,0.0240368)
(0.0304929,-0.0613611)(0.0928464,0.0291672)(-0.108835,0.132579)(0.0415884,0.0945234)(-0.00583259,-0.0520193)(-0.00576684,0.24742)(0.031454,0.0213408)(0.121079,0)(0.000771556,-0.0175927)(-0.0970577,0.0167441)(0.0848897,-0.0471756)(0.0452333,-0.203174)(0.106733,-0.0271568)(0.0258054,-0.0710878)(0.0842205,-0.0209814)(0.0771982,0.309716)
(0.0538208,0.0070468)(-0.0711036,-0.0103694)(0.0849671,-0.212776)(-0.0951973,-0.0890721)(0.150153,-0.0573954)(-0.117708,0.00682373)(-0.157709,0.00177452)(0.000771556,0.0175927)(-0.19387,0)(-0.0234073,-0.0826675)(0.0371888,-0.0603333)(-0.0658632,0.00914917)(-0.00365087,0.0260343)(0.0461042,-0.0449834)(-0.113467,0.10252)(0.0746685,-0.0358301)
(-0.146053,0.103867)(0.0152087,0.0275803)(-0.18716,0.00113139)(0.0172547,0.107773)(-0.0799297,-0.107)(0.0186788,-0.00587372)(-0.0715512,0.09562)(-0.0970577,-0.0167441)(-0.0234073,0.0826675)(0.0336877,0)(0.050747,0.157605)(0.156729,0.145536)(-0.0552102,0.0360526)(-0.0108048,-0.121243)(-0.0143359,0.14383)(-0.0508991,-0.0800562)
(-0.142801,0.00903849)(0.131146,0.112403)(-0.0258704,0.0818348)(-0.11669,0.19707)(-0.00697199,0.107488)(0.0531215,-0.0149723)(0.241485,0.0460071)(0.0848897,0.0471756)(0.0371888,0.0603333)(0.050747,-0.157605)(-0.129846,0)(-0.00589044,0.0667535)(0.163379,-0.0583068)(-0.193736,0.17209)(-0.024472,-0.0633684)(-0.152207,0.0929043)
(0.0392533,-0.0135196)(-0.0606015,-0.0605372)(-0.0155374,-0.109716)(0.179647,-0.205503)(-0.0626997,0.0507804)(-0.023791,-0.0010616)(0.00230278,-0.149952)(0.0452333,0.203174)(-0.0658632,-0.00914917)(0.156729,-0.145536)(-0.00589044,-0.0667535)(0.010048,0)(-0.0399493,0.0558313)(0.0180697,-0.0649932)(-0.058047,-0.0597022)(-0.0986854,0.0424362)
(-0.0629767,-0.0970894)(0.0032335,0.105747)(-0.0407467,-0.134009)(0.0596935,0.123308)(0.000115371,-0.130744)(0.0516733,-0.0223487)(-0.00209166,-0.023316)(0.106733,0.0271568)(-0.00365087,-0.0260343)(-0.0552102,-0.0360526)(0.163379,0.0583068)(-0.0399493,-0.0558313)(-0.00131056,0)(0.0570321,0.0943164)(-0.106882,-0.0983417)(-0.0117247,-0.0248385)
(0.110984,0.0490263)(0.145228,0.0388233)(-0.0924547,-0.221562)(0.00775108,-0.0312882)(-0.0818415,0.00902589)(0.0674459,-0.0524467)(0.102195,-0.0269449)(0.0258054,0.0710878)(0.0461042,0.0449834)(-0.0108048,0.121243)(-0.193736,-0.17209)(0.0180697,0.0649932)(0.0570321,-0.0943164)(0.0407568,0)(-0.142172,-0.0929148)(0.0143833,0.0376359)
(0.044993,-0.00170688)(-0.0293072,0.0609593)(-0.0853599,0.0102921)(0.126681,0.0860053)(-0.0593017,0.0355432)(-0.0195773,0.0926408)(0.133373,0.101547)(0.0842205,0.0209814)(-0.113467,-0.10252)(-0.0143359,-0.14383)(-0.024472,0.0633684)(-0.058047,0.0597022)(-0.106882,0.0983417)(-0.142172,0.0929148)(-0.0581205,0)(0.172809,-0.0359455)
(-0.0180909,0.00963834)(0.146342,-0.0131033)(0.0511002,-0.0873472)(0.0510719,-0.116537)(0.00619113,0.00678479)(0.00809668,-0.0827654)(-0.0980698,-0.0240368)(0.0771982,-0.309716)(0.0746685,0.0358301)(-0.0508991,0.0800562)(-0.152207,-0.0929043)(-0.0986854,-0.0424362)(-0.0117247,0.0248385)(0.0143833,-0.0376359)(0.172809,0.0359455)(0.190202,0)

(-0.071121,0)(0.0161651,-0.0769807)(0.151673,-0.0412653)(0.144616,0.0178719)(0.00676788,-0.13929)(-0.0116559,0.00803926)(0.0501193,-0.0514969)(0.0377512,0.0424806)(0.00672849,-0.0746009)(-0.045355,0.0102606)(0.0509874,0.123501)(0.0772542,-0.0578309)(0.0689808,-0.102936)(-0.138809,-0.00161416)(-0.0070013,-0.0691508)(0.17751,0.0441522)
(0.0161651,0.0769807)(-0.0904833,0)(-0.15866,-0.0260687)(0.0188945,0.0407988)(0.0885017,-0.0892511)(0.143087,0.114252)(-0.0324297,0.00405538)(0.0261212,0.0538286)(-0.135569,0.0791975)(0.00445775,0.0589543)(-0.037018,0.0361962)(-0.00857636,0.0595414)(-0.0172931,0.00175587)(0.154244,0.0412263)(-0.152671,0.0869301)(-0.0380874,0.0880378)
(0.151673,0.0412653)(-0.15866,0.0260687)(-0.0703618,0)(0.099763,0.0263719)(-0.134162,-0.201575)(0.0615064,-0.088573)(-0.0321111,-0.0983752)(-0.108313,-0.0324318)(0.0153769,-0.0245652)(-0.0831534,-0.0175381)(-0.0109826,-0.0128521)(0.066134,0.0775954)(0.0517967,-0.0383169)(0.0843344,0.0521165)(0.0845172,-0.0701259)(0.136619,-0.0196045)
(0.144616,-0.0178719)(0.0188945,-0.0407988)(0.099763,-0.0263719)(-0.249982,0)(-0.0305884,-0.0380573)(0.127065,0.0643493)(0.0778743,0.100505)(-0.0467676,-0.0289891)(0.020839,-0.0230643)(0.0903895,0.0415787)(0.0696038,-0.0919934)(-0.14121,-0.0396585)(-0.0642591,-0.0436206)(-0.109879,0.0444456)(-0.039237,-0.0685888)(-0.126062,-0.0375624)
(0.00676788,0.13929)(0.0885017,0.0892511)(-0.134162,0.201575)(-0.0305884,0.0380573)(-0.149538,0)(0.070825,-0.033015)(0.0454757,-0.153056)(-0.115118,0.00999978)(-0.197025,0.00178091)(0.130751,0.12608)(0.0349267,-0.0111974)(0.0410162,0.117044)(0.0636316,-0.163163)(-0.00549908,-0.0593167)(0.111565,-0.0265183)(-0.115973,0.00451479)
(-0.0116559,-0.00803926)(0.143087,-0.114252)(0.0615064,0.088573)(0.127065,-0.0643493)(0.070825,0.033015)(0.136996,0)(-0.0746793,-0.163653)(0.0425724,0.139422)(-0.024257,-0.0669395)(0.210921,0.0839453)(0.146412,0.104545)(0.037561,-0.058994)(0.0110267,-0.0663893)(0.0585073,-0.055904)(0.00943517,-0.0354208)(0.0379101,0.141277)
(0.0501193,0.0514969)(-0.0324297,-0.00405538)(-0.0321111,0.0983752)(0.0778743,-0.100505)(0.0454757,0.153056)(-0.0746793,0.163653)(-0.0691523,0)(0.158595,0.0717367)(-0.0895898,0.0039503)(-0.0130022,-0.0010873)(0.0439936,-0.0261073)(-0.0955757,-0.0114677)(-0.0216317,-0.0159046)(0.00899574,-0.0381566)(-0.012756,-0.039922)(0.0320983,0.0643217)
(0.0377512,-0.0424806)(0.0261212,-0.0538286)(-0.108313,0.0324318)(-0.0467676,0.0289891)(-0.115118,-0.00999978)(0.0425724,-0.139422)(0.158595,-0.0717367)(0.144174,0)(-0.11493,0.0571647)(0.0125863,0.00800464)(-0.0191878,0.00954787)(0.0893761,0.0358123)(0.0305099,-0.00143441)(0.0795089,0.0637202)(0.0481262,0.114366)(0.118411,0.102735)
(0.00672849,0.0746009)(-0.135569,-0.0791975)(0.0153769,0.0245652)(0.020839,0.0230643)(-0.197025,-0.00178091)(-0.024257,0.0669395)(-0.0895898,-0.0039503)(-0.11493,-0.0571647)(0.0519441,0)(-0.0885197,0.0632233)(-0.0460733,0.149889)(0.0424462,0.119363)(-0.0522088,0.158575)(-0.00432203,-0.00287761)(0.040029,-0.00516893)(0.0809698,0.154767)
(-0.045355,-0.0102606)(0.00445775,-0.0589543)(-0.0831534,0.0175381)(0.0903895,-0.0415787)(0.130751,-0.12608)(0.210921,-0.0839453)(-0.0130022,0.0010873)(0.0125863,-0.00800464)(-0.0885197,-0.0632233)(0.0310096,0)(0.0404024,0.0135012)(0.0359516,-0.131297)(0.114935,0.0988464)(0.0700883,-0.073007)(-0.0298247,0.00603137)(0.183621,-0.112836)
(0.0509874,-0.123501)(-0.037018,-0.0361962)(-0.0109826,0.0128521)(0.0696038,0.0919934)(0.0349267,0.0111974)(0.146412,-0.104545)(0.0439936,0.0261073)(-0.0191878,-0.00954787)(-0.0460733,-0.149889)(0.0404024,-0.0135012)(0.198999,0)(-0.126862,-0.0239097)(0.108074,-0.0375411)(-0.061847,-0.0888482)(-0.0601242,0.0791743)(0.0348931,0.0139051)
(0.0772542,0.0578309)(-0.00857636,-0.0595414)(0.066134,-0.0775954)(-0.14121,0.0396585)(0.0410162,-0.117044)(0.037561,0.058994)(-0.0955757,0.0114677)(0.0893761,-0.0358123)(0.0424462,-0.119363)(0.0359516,0.131297)(-0.126862,0.0239097)(0.111433,0)(0.0463791,0.0712573)(0.0465506,-0.0628253)(-0.0512403,0.191271)(-0.0744801,-0.151981)
(0.0689808,0.102936)(-0.0172931,-0.00175587)(0.0517967,0.0383169)(-0.0642591,0.0436206)(0.0636316,0.163163)(0.0110267,0.0663893)(-0.0216317,0.0159046)(0.0305099,0.00143441)(-0.0522088,-0.158575)(0.114935,-0.0988464)(0.108074,0.0375411)(0.0463791,-0.0712573)(-0.00816629,0)(0.0821377,-0.0760025)(0.177832,0.0578391)(0.0415556,0.0532381)
(-0.138809,0.00161416)(0.154244,-0.0412263)(0.0843344,-0.0521165)(-0.109879,-0.0444456)(-0.00549908,0.0593167)(0.0585073,0.055904)(0.00899574,0.0381566)(0.0795089,-0.0637202)(-0.00432203,0.00287761)(0.0700883,0.073007)(-0.061847,0.0888482)(0.0465506,0.0628253)(0.0821377,0.0760025)(-0.0572248,0)(0.0658152,0.0668414)(-0.0533688,0.0757029)
(-0.0070013,0.0691508)(-0.152671,-0.0869301)(0.0845172,0.0701259)(-0.039237,0.0685888)(0.111565,0.0265183)(0.00943517,0.0354208)(-0.012756,0.039922)(0.0481262,-0.114366)(0.040029,0.00516893)(-0.0298247,-0.00603137)(-0.0601242,-0.0791743)(-0.0512403,-0.191271)(0.177832,-0.0578391)(0.0658152,-0.0668414)(0.051093,0)(0.0296173,0.0162495)
(0.17751,-0.0441522)(-0.0380874,-0.0880378)(0.136619,0.0196045)(-0.126062,0.0375624)(-0.115973,-0.00451479)(0.0379101,-0.141277)(0.0320983,-0.0643217)(0.118411,-0.102735)(0.0809698,-0.154767)(0.183621,0.112836)(0.0348931,-0.0139051)(-0.0744801,0.151981)(0.0415556,-0.0532381)(-0.0533688,-0.0757029)(0.0296173,-0.0162495)(0.0403812,0)

(0.066995,0)(0.0590538,-0.0599698)(0.145491,-0.0407695)(-0.0979785,0.0643208)(-0.0831382,0.0493157)(0.161006,0.00982017)(0.121116,-0.0272448)(0.0391023,-0.030509)(-0.0906508,0.0137342)(0.136614,-0.207115)(-0.181904,0.10264)(-0.0522031,-0.216244)(0.0112312,-0.158585)(0.000662521,0.0612517)(-0.0117512,-0.0351358)(0.0101908,-0.0778474)
(0.0590538,0.0599698)(-0.223919,0)(0.0660153,0.0600265)(0.0256529,-0.0804412)(-0.211794,0.00755077)(-0.185076,-0.199627)(-0.0883301,0.192138)(0.100789,0.0874265)(0.0782592,-0.0388085)(0.0505292,0.130837)(-0.0105894,-0.0847141)(-0.137083,0.0530559)(0.011595,0.0463954)(-0.122514,0.0383964)(0.0191517,3.61081e-005)(-0.0666323,-0.0686554)
(0.145491,0.0407695)(0.0660153,-0.0600265)(-0.0337271,0)(-0.0519722,0.0160123)(-0.002999,0.0404361)(0.0922467,-0.0639186)(-0.212137,0.0253246)(-0.0105379,-0.0542426)(-0.168491,0.101357)(0.00695565,-0.182154)(0.200789,-0.0834312)(0.0180014,0.0663374)(0.127127,0.04482)(0.117839,0.0618022)(-0.00331039,-0.166471)(0.0534729,-0.0278741)
(-0.0979785,-0.0643208)(0.0256529,0.0804412)(-0.0519722,-0.0160123)(-0.0908862,0)(0.0099802,0.0272389)(0.00604363,0.0216206)(0.0462425,-0.04029)(0.0763117,-0.00246464)(-0.0145607,0.0121778)(0.0647315,-0.085271)(0.108452,0.120579)(-0.0546263,0.0200254)(0.073794,0.107376)(0.00728371,0.0707936)(-0.133798,-0.144453)(0.165626,-0.104266)
(-0.0831382,-0.0493157)(-0.211794,-0.00755077)(-0.002999,-0.0404361)(0.0099802,-0.0272389)(-0.014157,0)(0.0987383,0.0517732)(-0.0992575,0.0702197)(-0.0914052,0.121476)(0.0201268,0.077877)(0.0797087,-0.121026)(-0.0812338,0.0636294)(-0.0796084,-0.068539)(0.0545981,0.0181541)(0.103082,-0.0743318)(0.066877,-0.0918126)(0.00888904,0.0400622)
(0.161006,-0.00982017)(-0.185076,0.199627)(0.0922467,0.0639186)(0.00604363,-0.0216206)(0.0987383,-0.0517732)(0.0203659,0)(-0.0673686,-0.0166896)(-0.0497407,-0.109011)(0.0971128,0.0438567)(-0.0542769,-0.243588)(-0.0767366,-0.147717)(-0.111177,-0.00304559)(0.0163384,0.230028)(-0.142826,0.125725)(-0.178386,0.0417552)(0.0869734,0.0803409)
(0.121116,0.0272448)(-0.0883301,-0.192138)(-0.212137,-0.0253246)(0.0462425,0.04029)(-0.0992575,-0.0702197)(-0.0673686,0.0166896)(-0.0442335,0)(0.0760722,-0.0545851)(0.025675,-0.097923)(-0.161519,-0.0667091)(0.0485636,0.0407103)(-0.12304,0.121087)(0.092991,-0.0310299)(0.0418723,0.0155003)(-0.0855139,0.0682636)(-0.294088,-0.0282157)
(0.0391023,0.030509)(0.100789,-0.0874265)(-0.0105379,0.0542426)(0.0763117,0.00246464)(-0.0914052,-0.121476)(-0.0497407,0.109011)(0.0760722,0.0545851)(-0.138987,0)(0.107544,-0.00979691)(-0.0945458,0.154854)(-0.0840851,-0.00128631)(-0.0807025,-0.0780877)(0.120141,0.096407)(-0.0428071,0.0619787)(-0.0101129,0.0052781)(0.141022,0.0913704)
(-0.0906508,-0.0137342)(0.0782592,0.0388085)(-0.168491,-0.101357)(-0.0145607,-0.0121778)(0.0201268,-0.077877)(0.0971128,-0.0438567)(0.025675,0.097923)(0.107544,0.00979691)(0.384307,0)(0.218499,0.177772)(0.0288111,-0.066586)(0.0150444,-0.00883126)(-0.0213861,0.035255)(-0.0139176,0.0791746)(-0.0557351,0.123437)(0.0180002,0.013695)
(0.136614,0.207115)(0.0505292,-0.130837)(0.00695565,0.182154)(0.0647315,0.085271)(0.0797087,0.121026)(-0.0542769,0.243588)(-0.161519,0.0667091)(-0.0945458,-0.154854)(0.218499,-0.177772)(-0.0447912,0)(-0.13919,-0.0458441)(-0.110801,-0.201604)(0.00270404,-0.141863)(-0.0945664,0.060857)(-0.163528,0.0331722)(-0.220502,0.121507)
(-0.181904,-0.10264)(-0.0105894,0.0847141)(0.200789,0.0834312)(0.108452,-0.120579)(-0.0812338,-0.0636294)(-0.0767366,0.147717)(0.0485636,-0.0407103)(-0.0840851,0.00128631)(0.0288111,0.066586)(-0.13919,0.0458441)(-0.0221964,0)(0.0688831,0.155885)(-0.0173702,0.185287)(-0.191781,0.16367)(0.0481241,-0.101369)(-0.0959402,0.0320811)
(-0.0522031,0.216244)(-0.137083,-0.0530559)(0.0180014,-0.0663374)(-0.0546263,-0.0200254)(-0.0796084,0.068539)(-0.111177,0.00304559)(-0.12304,-0.121087)(-0.0807025,0.0780877)(0.0150444,0.00883126)(-0.110801,0.201604)(0.0688831,-0.155885)(-0.120242,0)(-0.144682,-0.194758)(-0.0947728,0.123237)(0.0456808,0.0844707)(-0.0730019,0.0146245)
(0.0112312,0.158585)(0.011595,-0.0463954)(0.127127,-0.04482)(0.073794,-0.107376)(0.0545981,-0.0181541)(0.0163384,-0.230028)(0.092991,0.0310299)(0.120141,-0.096407)(-0.0213861,-0.035255)(0.00270404,0.141863)(-0.0173702,-0.185287)(-0.144682,0.194758)(-0.119911,0)(0.00213811,0.0464271)(-0.137197,-0.0254664)(0.0758378,0.0171722)
(0.000662521,-0.0612517)(-0.122514,-0.0383964)(0.117839,-0.0618022)(0.00728371,-0.0707936)(0.103082,0.0743318)(-0.142826,-0.125725)(0.0418723,-0.0155003)(-0.0428071,-0.0619787)(-0.0139176,-0.0791746)(-0.0945664,-0.060857)(-0.191781,-0.16367)(-0.0947728,-0.123237)(0.00213811,-0.0464271)(0.0668097,0)(-0.0273599,0.0870894)(0.00544385,-0.0593291)
(-0.0117512,0.0351358)(0.0191517,-3.61081e-005)(-0.00331039,0.166471)(-0.133798,0.144453)(0.066877,0.0918126)(-0.178386,-0.0417552)(-0.0855139,-0.0682636)(-0.0101129,-0.0052781)(-0.0557351,-0.123437)(-0.163528,-0.0331722)(0.0481241,0.101369)(0.0456808,-0.0844707)(-0.137197,0.0254664)(-0.0273599,-0.0870894)(0.101416,0)(0.111261,-0.0809986)
(0.0101908,0.0778474)(-0.0666323,0.0686554)(0.0534729,0.0278741)(0.165626,0.104266)(0.00888904,-0.0400622)(0.0869734,-0.0803409)(-0.294088,0.0282157)(0.141022,-0.0913704)(0.0180002,-0.013695)(-0.220502,-0.121507)(-0.0959402,-0.0320811)(-0.0730019,-0.0146245)(0.0758378,-0.0171722)(0.00544385,0.0593291)(0.111261,0.0809986)(0.213156,0)

(0.105006,0)(-0.11397,0.0943071)(0.174136,0.0729916)(0.0167301,-0.0205738)(-0.155578,-0.0286956)(-0.0966471,0.0560112)(0.228901,0.0652174)(0.170138,0.0593619)(0.10595,-0.0233111)(0.081726,0.117916)(-0.0228346,-0.0572172)(-0.0967665,-0.08979)(-0.0404589,0.0328493)(0.0269054,-0.00608012)(0.086722,-0.0364106)(-0.10897,-0.0301957)
(-0.11397,-0.0943071)(0.154493,0)(-0.0137065,-0.0410575)(0.00760871,-0.0416312)(-0.0974898,0.0417471)(0.0116483,-0.058878)(-0.23043,-0.0430863)(0.0467643,0.0217241)(-0.0620848,-0.0619905)(-0.068413,0.120954)(-0.0558184,0.0196825)(-0.0398448,-0.147669)(0.079868,-0.0334229)(-0.0739704,-0.195766)(0.119628,-0.187853)(-0.0150998,-0.0468804)
(0.174136,-0.0729916)(-0.0137065,0.0410575)(-0.139146,0)(-0.0327671,-0.148714)(-0.107929,0.045649)(-0.0702564,0.0132525)(0.0674104,0.0499427)(-0.0966156,-0.01843)(0.0124128,-0.0775788)(-0.0385816,0.152939)(-0.036392,-0.0533651)(-0.119974,0.087814)(0.146338,0.131546)(0.0669402,0.0415614)(-0.11507,0.0560173)(-0.103753,-0.0395768)
(0.0167301,0.0205738)(0.00760871,0.0416312)(-0.0327671,0.148714)(-0.0262293,0)(-0.162255,-0.0266009)(-0.0488153,0.0279532)(-0.0420805,0.162569)(0.158073,0.178831)(-0.0760818,-0.0837383)(0.0710323,-0.104441)(-0.00170685,0.111721)(0.0348291,-0.0258663)(0.0324375,-0.042756)(0.0965501,0.0447051)(0.174229,0.0307315)(0.03598,-0.106093)
(-0.155578,0.0286956)(-0.0974898,-0.0417471)(-0.107929,-0.045649)(-0.162255,0.0266009)(-0.0661334,0)(-0.0175994,0.201921)(-0.106426,-0.0946904)(-0.184614,-0.0149721)(0.00191171,-0.115127)(0.0767324,0.106271)(0.0638984,-0.0955708)(-0.0397313,-0.0726339)(0.00829749,0.0467161)(-0.072508,-0.0107615)(-0.0806199,0.064246)(0.159809,0.17697)
(-0.0966471,-0.0560112)(0.0116483,0.058878)(-0.0702564,-0.0132525)(-0.0488153,-0.0279532)(-0.0175994,-0.201921)(-0.116236,0)(0.0754003,0.0582584)(-0.144244,0.109948)(0.0967014,-0.0503709)(0.0756987,0.0693707)(0.0136676,0.0417792)(-0.0211079,0.00578685)(0.121105,-0.0781479)(-0.0656413,-0.0494487)(-0.0877148,0.0984339)(-0.0490497,0.0420281)
(0.228901,-0.0652174)(-0.23043,0.0430863)(0.0674104,-0.0499427)(-0.0420805,-0.162569)(-0.106426,0.0946904)(0.0754003,-0.0582584)(0.0214122,0)(0.0850399,0.0273872)(0.0203063,0.133184)(-0.111945,0.0581505)(-0.0603204,0.0993733)(-0.116641,0.0295008)(-0.109907,0.107156)(-0.0474518,-0.045791)(-0.0608496,0.0529129)(-0.0443496,0.00679601)
(0.170138,-0.0593619)(0.0467643,-0.0217241)(-0.0966156,0.01843)(0.158073,-0.178831)(-0.184614,0.0149721)(-0.144244,-0.109948)(0.0850399,-0.0273872)(-0.0365569,0)(-0.0103124,0.152093)(0.096541,-0.0542335)(-0.136481,-0.0127454)(0.00421222,-0.110311)(0.180354,0.0532748)(-0.0106318,-0.0526641)(-0.180422,0.0633721)(0.13784,-0.0411522)
(0.10595,0.0233111)(-0.0620848,0.0619905)(0.0124128,0.0775788)(-0.0760818,0.0837383)(0.00191171,0.115127)(0.0967014,0.0503709)(0.0203063,-0.133184)(-0.0103124,-0.152093)(0.168691,0)(0.105666,0.00375876)(-0.022743,-0.0383859)(-0.0524006,0.0774889)(0.0223133,-0.0554947)(-0.00262113,0.00527255)(-0.0310917,-0.00425652)(0.0802185,-0.0048714)
(0.081726,-0.117916)(-0.068413,-0.120954)(-0.0385816,-0.152939)(0.0710323,0.104441)(0.0767324,-0.106271)(0.0756987,-0.0693707)(-0.111945,-0.0581505)(0.096541,0.0542335)(0.105666,-0.00375876)(-0.136874,0)(0.0283319,0.0949968)(-0.109531,-0.0359739)(0.0398165,0.088099)(0.0915474,0.0802255)(0.060042,-0.00905832)(0.00105154,-0.0689179)
(-0.0228346,0.0572172)(-0.0558184,-0.0196825)(-0.036392,0.0533651)(-0.00170685,-0.111721)(0.0638984,0.0955708)(0.0136676,-0.0417792)(-0.0603204,-0.0993733)(-0.136481,0.0127454)(-0.022743,0.0383859)(0.0283319,-0.0949968)(0.0104962,0)(-0.0551729,0.167444)(-0.00456755,0.181443)(-0.00626312,0.0440671)(-0.0501205,-0.021297)(0.100608,-0.15574)
(-0.0967665,0.08979)(-0.0398448,0.147669)(-0.119974,-0.087814)(0.0348291,0.0258663)(-0.0397313,0.0726339)(-0.0211079,-0.00578685)(-0.116641,-0.0295008)(0.00421222,0.110311)(-0.0524006,-0.0774889)(-0.109531,0.0359739)(-0.0551729,-0.167444)(0.166193,0)(-0.19546,0.108908)(0.000106548,0.0223748)(-0.0397689,0.0828378)(-0.156876,-0.120435)
(-0.0404589,-0.0328493)(0.079868,0.0334229)(0.146338,-0.131546)(0.0324375,0.042756)(0.00829749,-0.0467161)(0.121105,0.0781479)(-0.109907,-0.107156)(0.180354,-0.0532748)(0.0223133,0.0554947)(0.0398165,-0.088099)(-0.00456755,-0.181443)(-0.19546,-0.108908)(-0.139479,0)(0.0679823,0.0588884)(0.057185,-0.0142834)(0.0180263,0.0235297)
(0.0269054,0.00608012)(-0.0739704,0.195766)(0.0669402,-0.0415614)(0.0965501,-0.0447051)(-0.072508,0.0107615)(-0.0656413,0.0494487)(-0.0474518,0.045791)(-0.0106318,0.0526641)(-0.00262113,-0.00527255)(0.0915474,-0.0802255)(-0.00626312,-0.0440671)(0.000106548,-0.0223748)(0.0679823,-0.0588884)(0.0718789,0)(-0.102913,-0.0200336)(0.086293,0.0712587)
(0.086722,0.0364106)(0.119628,0.187853)(-0.11507,-0.0560173)(0.174229,-0.0307315)(-0.0806199,-0.064246)(-0.0877148,-0.0984339)(-0.0608496,-0.0529129)(-0.180422,-0.0633721)(-0.0310917,0.00425652)(0.060042,0.00905832)(-0.0501205,0.021297)(-0.0397689,-0.0828378)(0.057185,0.0142834)(-0.102913,0.0200336)(-0.104211,0)(-0.0189112,0.119406)
(-0.10897,0.0301957)(-0.0150998,0.0468804)(-0.103753,0.0395768)(0.03598,0.106093)(0.159809,-0.17697)(-0.0490497,-0.0420281)(-0.0443496,-0.00679601)(0.13784,0.0411522)(0.0802185,0.0048714)(0.00105154,0.0689179)(0.100608,0.15574)(-0.156876,0.120435)(0.0180263,-0.0235297)(0.086293,-0.0712587)(-0.0189112,-0.119406)(0.0666951,0)

(0.0265815,0)(-0.0352906,-0.00511118)(0.181137,-0.114158)(-0.0173377,-0.0269124)(-0.130117,0.00776781)(-0.0360214,-0.00108591)(0.0678538,0.0680325)(0.154505,-0.0873219)(-0.0364463,0.0577408)(-0.0286495,-0.0622383)(0.0076193,-0.171206)(-0.075234,-0.160321)(0.0360173,-0.0216015)(-0.0652612,-0.0669715)(0.0998987,0.122598)(-0.0424812,0.0563642)
(-0.0352906,0.00511118)(0.018229,0)(-0.0425384,0.122937)(0.035868,0.0776213)(-0.0335636,-0.000929404)(-0.00392518,-0.162979)(-0.0326348,-0.0239488)(0.197568,0.0136237)(0.0422489,0.0483983)(0.0779262,-0.0036434)(-0.026034,-0.177984)(-0.088871,0.0760845)(-0.0406994,0.0648781)(0.0234074,-0.150779)(0.0544266,0.00349437)(0.091102,0.0696205)
(0.181137,0.114158)(-0.0425384,-0.122937)(-0.0834894,0)(-0.00206038,0.0361703)(0.0202491,0.0605453)(0.0568832,-0.0866844)(-0.0270365,-0.0644929)(-0.092613,0.0780112)(-0.0340003,0.0708439)(0.0143061,0.000819295)(0.161092,-0.000213611)(0.0045425,0.0229116)(-0.157237,-0.103876)(0.0972143,0.156387)(0.110108,-0.180312)(-0.0747756,-0.0952851)
(-0.0173377,0.0269124)(0.035868,-0.0776213)(-0.00206038,-0.0361703)(-0.0148711,0)(0.0743259,-0.00856499)(-0.0263121,0.0393455)(-0.0326293,-0.0163551)(0.327159,-0.067925)(0.0172827,0.00945722)(0.0107222,0.0419614)(-0.00747423,0.0507918)(0.0645913,-0.0123938)(0.0359392,0.0767313)(-0.063248,-0.0747578)(0.110528,0.141649)(-0.025213,0.0178388)
(-0.130117,-0.00776781)(-0.0335636,0.000929404)(0.0202491,-0.0605453)(0.0743259,0.00856499)(0.0852399,0)(0.127719,0.110283)(0.080908,0.0380963)(0.0246819,-0.00389173)(0.0553931,-0.0759309)(-0.0811328,0.014278)(-0.052245,0.0357515)(0.0453099,-0.070502)(0.115766,0.00842137)(0.106316,-0.0910434)(0.0341154,-0.0683094)(-0.0424132,-0.0663548)
(-0.0360214,0.00108591)(-0.00392518,0.162979)(0.0568832,0.0866844)(-0.0263121,-0.0393455)(0.127719,-0.110283)(-0.00816137,0)(0.129661,-0.0486144)(0.0125589,-0.0264718)(-0.129707,0.141939)(0.0494172,0.0166667)(-0.0488369,-0.0302178)(0.113308,-0.125278)(-0.0497126,0.0659307)(0.0340922,0.0422074)(0.0323746,0.00946711)(-0.0738528,0.169551)
(0.0678538,-0.0680325)(-0.0326348,0.0239488)(-0.0270365,0.0644929)(-0.0326293,0.0163551)(0.080908,-0.0380963)(0.129661,0.0486144)(-0.0226062,0)(0.123516,0.10636)(-0.190898,0.0551424)(-0.158701,0.282693)(0.00441495,0.125424)(0.00910337,-0.111451)(-0.0106658,0.125923)(-0.136985,-0.00589589)(-0.145572,-0.000682268)(0.0852723,0.0689781)
(0.154505,0.0873219)(0.197568,-0.0136237)(-0.092613,-0.0780112)(0.327159,0.067925)(0.0246819,0.00389173)(0.0125589,0.0264718)(0.123516,-0.10636)(-0.0593552,0)(-0.117113,-0.063937)(-0.0123753,-0.00579)(-0.0219497,-0.0480762)(-0.078625,-0.052552)(0.177241,0.0581378)(-0.092321,0.115433)(0.0245888,-0.0834528)(-0.140142,0.0456293)
(-0.0364463,-0.0577408)(0.0422489,-0.0483983)(-0.0340003,-0.0708439)(0.0172827,-0.00945722)(0.0553931,0.0759309)(-0.129707,-0.141939)(-0.190898,-0.0551424)(-0.117113,0.063937)(0.0773981,0)(-0.171981,-0.0803393)(0.0470195,0.0676412)(-0.0583744,0.0142175)(0.0165724,-0.0375137)(0.03854,-0.156949)(0.180312,0.120445)(-0.0947567,0.0823622)
(-0.0286495,0.0622383)(0.0779262,0.0036434)(0.0143061,-0.000819295)(0.0107222,-0.0419614)(-0.0811328,-0.014278)(0.0494172,-0.0166667)(-0.158701,-0.282693)(-0.0123753,0.00579)(-0.171981,0.0803393)(0.0802498,0)(0.0593933,0.0620042)(0.043776,-0.0336352)(-0.0367675,0.0274611)(0.110685,0.00453164)(0.0130689,0.0291602)(0.125628,0.135929)
(0.0076193,0.171206)(-0.026034,0.177984)(0.161092,0.000213611)(-0.00747423,-0.0507918)(-0.052245,-0.0357515)(-0.0488369,0.0302178)(0.00441495,-0.125424)(-0.0219497,0.0480762)(0.0470195,-0.0676412)(0.0593933,-0.0620042)(0.0162444,0)(-0.0214483,0.0237031)(0.104028,-0.237134)(0.0852396,0.0535255)(-0.0668292,-0.0420283)(0.0230458,-0.0567411)
(-0.075234,0.160321)(-0.088871,-0.0760845)(0.0045425,-0.0229116)(0.0645913,0.0123938)(0.0453099,0.070502)(0.113308,0.125278)(0.00910337,0.111451)(-0.078625,0.052552)(-0.0583744,-0.0142175)(0.043776,0.0336352)(-0.0214483,-0.0237031)(-0.169107,0)(0.0692664,-0.121007)(0.0775058,0.147582)(-0.0345748,-0.161498)(-0.0762755,-0.0895227)
(0.0360173,0.0216015)(-0.0406994,-0.0648781)(-0.157237,0.103876)(0.0359392,-0.0767313)(0.115766,-0.00842137)(-0.0497126,-0.0659307)(-0.0106658,-0.125923)(0.177241,-0.0581378)(0.0165724,0.0375137)(-0.0367675,-0.0274611)(0.104028,0.237134)(0.0692664,0.121007)(0.079738,0)(0.0707831,0.0449953)(0.0931187,-0.0507913)(-0.0849817,-0.0184607)
(-0.0652612,0.0669715)(0.0234074,0.150779)(0.0972143,-0.156387)(-0.063248,0.0747578)(0.106316,0.0910434)(0.0340922,-0.0422074)(-0.136985,0.00589589)(-0.092321,-0.115433)(0.03854,0.156949)(0.110685,-0.00453164)(0.0852396,-0.0535255)(0.0775058,-0.147582)(0.0707831,-0.0449953)(0.0526091,0)(-0.0581439,0.0615802)(0.00653583,-0.00992405)
(0.0998987,-0.122598)(0.0544266,-0.00349437)(0.110108,0.180312)(0.110528,-0.141649)(0.0341154,0.0683094)(0.0323746,-0.00946711)(-0.145572,0.000682268)(0.0245888,0.0834528)(0.180312,-0.120445)(0.0130689,-0.0291602)(-0.0668292,0.0420283)(-0.0345748,0.161498)(0.0931187,0.0507913)(-0.0581439,-0.0615802)(-0.107246,0)(0.0367228,0.0257519)
(-0.0424812,-0.0563642)(0.091102,-0.0696205)(-0.0747756,0.0952851)(-0.025213,-0.0178388)(-0.0424132,0.0663548)(-0.0738528,-0.169551)(0.0852723,-0.0689781)(-0.140142,-0.0456293)(-0.0947567,-0.0823622)(0.125628,-0.135929)(0.0230458,0.0567411)(-0.0762755,0.0895227)(-0.0849817,0.0184607)(0.00653583,0.00992405)(0.0367228,-0.0257519)(0.028547,0)

(-0.0744544,0)(0.0193155,-0.0160206)(0.0656178,-0.0955516)(-0.0393234,0.0355578)(-0.132533,0.00100753)(-0.17599,-0.0607281)(0.0446665,-0.00836939)(0.086921,0.0611586)(-0.14355,-0.143876)(0.0584793,0.0112668)(-0.0685574,0.0533111)(-0.166031,0.03447)(0.14697,-0.0302544)(0.0384649,0.0795834)(-0.0721633,0.0534515)(0.0509029,-0.0902954)
(0.0193155,0.0160206)(0.00363872,0)(-0.00888374,-0.0434581)(0.0130694,0.0542538)(0.016769,-0.00996699)(-0.248136,-0.0215945)(-0.16033,0.0461491)(-0.00987988,-0.120785)(-0.138334,0.117591)(-0.0219288,0.0941852)(-0.0864221,0.109433)(0.140703,0.0221284)(-0.0278604,0.0591415)(-0.151346,-0.0466474)(-0.0638363,-0.0758435)(0.0101937,-0.0501902)
(0.0656178,0.0955516)(-0.00888374,0.0434581)(0.0344379,0)(0.00308597,-0.0947263)(-0.0621627,-0.0420194)(-0.0682703,0.0259929)(0.0660178,-0.0352363)(-0.0593679,-0.0924465)(-0.023455,-0.00499448)(0.0642486,-0.0806873)(0.0282762,0.000817796)(0.0414356,0.00225516)(-0.0229935,0.102647)(0.0824352,0.0564905)(-0.0209532,-0.125497)(0.0635591,0.0164719)
(-0.0393234,-0.0355578)(0.0130694,-0.0542538)(0.00308597,0.0947263)(-0.0984413,0)(0.0332257,-0.0289391)(0.166879,0.234785)(0.026628,0.043682)(-0.0768495,0.149833)(0.0716566,0.121485)(0.0230699,0.0737631)(-0.0934949,-0.0367057)(-0.200562,-0.171122)(-0.0515341,0.161178)(-0.098413,0.0329256)(0.0261989,-0.0119443)(-0.0394682,-0.0335881)
(-0.132533,-0.00100753)(0.016769,0.00996699)(-0.0621627,0.0420194)(0.0332257,0.0289391)(0.0236566,0)(0.064002,-0.0478831)(-0.0178899,-0.070392)(0.0755985,-0.184907)(-0.0659516,-0.0358483)(-0.115458,0.0214072)(-0.227779,-0.00180008)(0.0792689,-0.0562249)(0.15631,-0.0354103)(0.0873774,0.0512537)(0.0719796,-0.075275)(-0.0720881,-0.0577923)
(-0.17599,0.0607281)(-0.248136,0.0215945)(-0.0682703,-0.0259929)(0.166879,-0.234785)(0.064002,0.0478831)(-0.0979479,0)(-0.0936678,0.0466781)(-0.0163708,-0.0322251)(-0.0669808,0.00505612)(0.0557432,0.21532)(0.0698246,0.056658)(-0.0484494,0.098331)(0.00499425,-0.0145565)(-0.0755737,-0.0480033)(0.0253927,-0.000329598)(0.00184108,-0.135398)
(0.0446665,0.00836939)(-0.16033,-0.0461491)(0.0660178,0.0352363)(0.026628,-0.043682)(-0.0178899,0.070392)(-0.0936678,-0.0466781)(-0.119371,0)(0.152891,0.0331847)(0.0702018,0.0758573)(-0.0229932,0.148499)(-0.0154814,0.107765)(0.0146159,-0.0316986)(-0.00195341,0.0442002)(-0.0644148,0.0352412)(0.117409,-0.0586348)(-0.0570054,0.000796362)
(0.086921,-0.0611586)(-0.00987988,0.120785)(-0.0593679,0.0924465)(-0.0768495,-0.149833)(0.0755985,0.184907)(-0.0163708,0.0322251)(0.152891,-0.0331847)(-0.32932,0)(-0.0759241,0.0629837)(-0.127116,-0.0319364)(0.0126867,-0.0649749)(-0.117753,0.0689564)(0.00585045,0.104786)(-0.116241,0.10843)(-0.0233066,-0.0570016)(0.137754,-0.0315349)
(-0.14355,0.143876)(-0.138334,-0.117591)(-0.023455,0.00499448)(0.0716566,-0.121485)(-0.0659516,0.0358483)(-0.0669808,-0.00505612)(0.0702018,-0.0758573)(-0.0759241,-0.0629837)(0.00202871,0)(0.0325613,0.2356)(0.120862,0.0730171)(-0.0584629,-0.150215)(-0.140656,0.000582582)(-0.0158737,0.111551)(0.151836,0.007141)(-0.0422861,0.114565)
(0.0584793,-0.0112668)(-0.0219288,-0.0941852)(0.0642486,0.0806873)(0.0230699,-0.0737631)(-0.115458,-0.0214072)(0.0557432,-0.21532)(-0.0229932,-0.148499)(-0.127116,0.0319364)(0.0325613,-0.2356)(0.151522,0)(0.146617,0.0304299)(-0.110664,-0.0380814)(0.000615646,0.0364946)(0.035526,-0.0146532)(0.0629618,0.0760148)(0.100441,0.115689)
(-0.0685574,-0.0533111)(-0.0864221,-0.109433)(0.0282762,-0.000817796)(-0.0934949,0.0367057)(-0.227779,0.00180008)(0.0698246,-0.056658)(-0.0154814,-0.107765)(0.0126867,0.0649749)(0.120862,-0.0730171)(0.146617,-0.0304299)(0.168116,0)(0.0626122,-0.0453293)(-0.0626073,0.0217684)(0.153971,-0.00386031)(-0.153308,-0.0940661)(-0.115806,0.0699748)
(-0.166031,-0.03447)(0.140703,-0.0221284)(0.0414356,-0.00225516)(-0.200562,0.171122)(0.0792689,0.0562249)(-0.0484494,-0.098331)(0.0146159,0.0316986)(-0.117753,-0.0689564)(-0.0584629,0.150215)(-0.110664,0.0380814)(0.0626122,0.0453293)(-0.115126,0)(-0.0696277,0.0443034)(-0.170672,0.140372)(0.0605493,-0.127758)(-0.00107999,-0.064779)
(0.14697,0.0302544)(-0.0278604,-0.0591415)(-0.0229935,-0.102647)(-0.0515341,-0.161178)(0.15631,0.0354103)(0.00499425,0.0145565)(-0.00195341,-0.0442002)(0.00585045,-0.104786)(-0.140656,-0.000582582)(0.000615646,-0.0364946)(-0.0626073,-0.0217684)(-0.0696277,-0.0443034)(0.0567044,0)(-0.128908,-0.175834)(0.13749,0.109053)(-0.00840741,-0.0541738)
(0.0384649,-0.0795834)(-0.151346,0.0466474)(0.0824352,-0.0564905)(-0.098413,-0.0329256)(0.0873774,-0.0512537)(-0.0755737,0.0480033)(-0.0644148,-0.0352412)(-0.116241,-0.10843)(-0.0158737,-0.111551)(0.035526,0.0146532)(0.153971,0.00386031)(-0.170672,-0.140372)(-0.128908,0.175834)(0.0547063,0)(-0.0813197,-0.0735743)(0.0608251,0.0458594)
(-0.0721633,-0.0534515)(-0.0638363,0.0758435)(-0.0209532,0.125497)(0.0261989,0.0119443)(0.0719796,0.075275)(0.0253927,0.000329598)(0.117409,0.0586348)(-0.0233066,0.0570016)(0.151836,-0.007141)(0.0629618,-0.0760148)(-0.153308,0.0940661)(0.0605493,0.127758)(0.13749,-0.109053)(-0.0813197,0.0735743)(0.1671,0)(0.155321,0.0154145)
(0.0509029,0.0902954)(0.0101937,0.0501902)(0.0635591,-0.0164719)(-0.0394682,0.0335881)(-0.0720881,0.0577923)(0.00184108,0.135398)(-0.0570054,-0.000796362)(0.137754,0.0315349)(-0.0422861,-0.114565)(0.100441,-0.115689)(-0.115806,-0.0699748)(-0.00107999,0.064779)(-0.00840741,0.0541738)(0.0608251,-0.0458594)(0.155321,-0.0154145)(0.17275,0)

(-0.056662,0)(-0.0225413,-0.0620654)(0.082737,-0.0304985)(0.0133734,-0.120024)(-0.03549,0.133894)(-0.0240171,-0.0164854)(0.117073,0.0954322)(0.0202718,-0.0285723)(-0.0484456,-0.029324)(0.0128775,-0.00799549)(-0.0231171,-0.062167)(-0.063027,-0.117294)(0.16228,0.0162081)(-0.0127916,-0.0310718)(0.108075,0.0520633)(0.10968,0.205408)
(-0.0225413,0.0620654)(0.297416,0)(-0.12354,0.0500111)(0.0617575,0.0856754)(-0.0513939,-0.0793887)(0.0322301,0.10952)(0.0204122,-0.186207)(-0.0322614,0.0943944)(0.0502372,-0.0848729)(0.183938,-0.154035)(0.0933933,-0.112769)(0.187027,-0.0515868)(0.0369973,0.0248633)(0.105636,0.0277053)(0.0165596,0.056801)(0.00367137,0.0715737)
(0.082737,0.0304985)(-0.12354,-0.0500111)(-0.0547594,0)(-0.00801393,-0.0277396)(-0.0698697,0.0364848)(-0.0360866,-0.121744)(-0.0248698,0.154603)(0.144118,-0.0276141)(-0.0925019,0.0488584)(0.0473902,0.0292478)(-0.137121,0.0209445)(0.012477,-0.0351964)(-0.028497,0.0277261)(0.0285732,0.083554)(0.0301546,-0.0200028)(-0.0470659,-0.0596199)
(0.0133734,0.120024)(0.0617575,-0.0856754)(-0.00801393,0.0277396)(-0.014596,0)(0.0222607,0.163609)(-0.0523394,0.0653499)(-0.00164246,0.175893)(0.0929849,-0.0035414)(0.0120522,-0.0129405)(0.0108152,0.194625)(0.0547842,0.066777)(-0.0978361,0.112135)(0.0355165,-0.023372)(-0.0472041,0.0405137)(0.0178549,0.0516496)(0.00917039,-0.0715852)
(-0.03549,-0.133894)(-0.0513939,0.0793887)(-0.0698697,-0.0364848)(0.0222607,-0.163609)(-0.11304,0)(0.0742914,-0.0359643)(0.0611845,-0.108078)(-0.18281,-0.0280053)(0.0941954,-0.0673935)(0.0613946,0.00377537)(-0.136912,0.153719)(0.0672338,-0.078943)(-0.00839618,-0.0501505)(-0.158812,-0.0174996)(-0.00285211,-0.122479)(0.0283677,0.0602727)
(-0.0240171,0.0164854)(0.0322301,-0.10952)(-0.0360866,0.121744)(-0.0523394,-0.0653499)(0.0742914,0.0359643)(0.13303,0)(0.178139,0.0663247)(0.0588112,0.0233101)(0.0765607,0.110033)(-0.0505125,0.113708)(-0.0515347,0.0281623)(0.0604999,-0.0268447)(-0.0023874,-0.112445)(0.0116465,-0.116051)(0.191765,-0.0426168)(-0.0402127,0.0143737)
(0.117073,-0.0954322)(0.0204122,0.186207)(-0.0248698,-0.154603)(-0.00164246,-0.175893)(0.0611845,0.108078)(0.178139,-0.0663247)(-0.0370236,0)(-0.0468038,0.117396)(-0.0688917,-0.0493652)(0.184412,-0.0901089)(0.023811,-0.0738302)(-0.0597271,0.0391056)(0.0160047,-0.044833)(-0.0963679,-0.0650043)(-0.0117913,0.00920333)(0.00515366,0.082071)
(0.0202718,0.0285723)(-0.0322614,-0.0943944)(0.144118,0.0276141)(0.0929849,0.0035414)(-0.18281,0.0280053)(0.0588112,-0.0233101)(-0.0468038,-0.117396)(0.00323683,0)(-0.0526391,-0.015787)(-0.0338346,-0.215947)(-0.131595,0.0853355)(-0.0457405,0.0312137)(-0.0218081,-0.0159)(0.0215598,-0.0225435)(0.082126,-0.0407825)(0.000523713,-0.0497675)
(-0.0484456,0.029324)(0.0502372,0.0848729)(-0.0925019,-0.0488584)(0.0120522,0.0129405)(0.0941954,0.0673935)(0.0765607,-0.110033)(-0.0688917,0.0493652)(-0.0526391,0.015787)(0.0281948,0)(0.0402466,-0.035061)(0.129188,0.0606894)(0.0465828,0.163616)(0.014904,0.0879889)(-0.0499465,-0.0950882)(0.0108868,0.0503128)(-0.126547,-0.0811557)
(0.0128775,0.00799549)(0.183938,0.154035)(0.0473902,-0.0292478)(0.0108152,-0.194625)(0.0613946,-0.00377537)(-0.0505125,-0.113708)(0.184412,0.0901089)(-0.0338346,0.215947)(0.0402466,0.035061)(-0.0374617,0)(-0.060048,0.0163682)(0.0582912,0.125228)(0.0126737,0.0186481)(-0.0539754,0.0132529)(-0.010168,-0.210882)(0.00620874,0.0576816)
(-0.0231171,0.062167)(0.0933933,0.112769)(-0.137121,-0.0209445)(0.0547842,-0.066777)(-0.136912,-0.153719)(-0.0515347,-0.0281623)(0.023811,0.0738302)(-0.131595,-0.0853355)(0.129188,-0.0606894)(-0.060048,-0.0163682)(-0.0952086,0)(0.00321825,0.0436392)(0.125368,0.0904493)(0.132326,-0.00654857)(-0.0685198,-0.0765186)(0.00848732,0.183611)
(-0.063027,0.117294)(0.187027,0.0515868)(0.012477,0.0351964)(-0.0978361,-0.112135)(0.0672338,0.078943)(0.0604999,0.0268447)(-0.0597271,-0.0391056)(-0.0457405,-0.0312137)(0.0465828,-0.163616)(0.0582912,-0.125228)(0.00321825,-0.0436392)(-0.0158059,0)(0.03994,-0.0616028)(-0.0381967,-0.011766)(-0.151959,0.142504)(-0.081113,0.0563674)
(0.16228,-0.0162081)(0.0369973,-0.0248633)(-0.028497,-0.0277261)(0.0355165,0.023372)(-0.00839618,0.0501505)(-0.0023874,0.112445)(0.0160047,0.044833)(-0.0218081,0.0159)(0.014904,-0.0879889)(0.0126737,-0.0186481)(0.125368,-0.0904493)(0.03994,0.0616028)(-0.00200716,0)(-0.0820723,-0.0583224)(-0.0230888,-0.0606561)(-0.1815,-0.123529)
(-0.0127916,0.0310718)(0.105636,-0.0277053)(0.0285732,-0.083554)(-0.0472041,-0.0405137)(-0.158812,0.0174996)(0.0116465,0.116051)(-0.0963679,0.0650043)(0.0215598,0.0225435)(-0.0499465,0.0950882)(-0.0539754,-0.0132529)(0.132326,0.00654857)(-0.0381967,0.011766)(-0.0820723,0.0583224)(-0.136523,0)(0.115378,-0.0509765)(0.102138,-0.122579)
(0.108075,-0.0520633)(0.0165596,-0.056801)(0.0301546,0.0200028)(0.0178549,-0.0516496)(-0.00285211,0.122479)(0.191765,0.0426168)(-0.0117913,-0.00920333)(0.082126,0.0407825)(0.0108868,-0.0503128)(-0.010168,0.210882)(-0.0685198,0.0765186)(-0.151959,-0.142504)(-0.0230888,0.0606561)(0.115378,0.0509765)(0.0415977,0)(-0.0269034,-0.0854009)
(0.10968,-0.205408)(0.00367137,-0.0715737)(-0.0470659,0.0596199)(0.00917039,0.0715852)(0.0283677,-0.0602727)(-0.0402127,-0.0143737)(0.00515366,-0.082071)(0.000523713,0.0497675)(-0.126547,0.0811557)(0.00620874,-0.0576816)(0.00848732,-0.183611)(-0.081113,-0.0563674)(-0.1815,0.123529)(0.102138,0.122579)(-0.0269034,0.0854009)(0.0596126,0)

(0.0708,0)(0.0287432,-0.165349)(-0.167668,0.0752471)(-0.140085,-0.0613287)(0.0261373,0.0533805)(0.0335951,-0.0450251)(0.0165247,0.0659302)(0.0294738,-0.0461008)(0.00807285,0.154672)(-0.0447898,0.0737045)(0.186192,0.0227243)(-0.0592713,-0.0647815)(-0.0289316,0.0230432)(0.0410289,0.0282852)(0.222891,-0.116254)(0.069447,-0.0867718)
(0.0287432,0.165349)(-0.141024,0)(-0.0690932,0.120094)(-0.142943,0.0658167)(-0.153757,-0.0925891)(-0.00864135,0.0129534)(0.0177322,0.132708)(0.0202591,-0.00487402)(-0.0106402,-0.178919)(-0.113795,0.165491)(-0.0373809,-0.0105511)(-0.0629353,0.0158839)(-0.173909,-0.115791)(-0.0092995,4.4734e-005)(0.0480938,0.038791)(0.197217,0.0034852)
(-0.167668,-0.0752471)(-0.0690932,-0.120094)(0.12673,0)(0.122381,-0.0479057)(-0.0397524,-0.0870029)(-0.0474408,0.0994783)(0.0395911,-0.00913017)(0.0254557,-0.0148778)(-0.0848309,-0.0505504)(0.0909056,-0.0646044)(-0.0604932,0.151169)(0.0185215,-0.0192371)(-0.0355248,0.0548398)(-0.00217168,0.0910994)(-0.0365172,0.0202625)(-0.184356,-0.179483)
(-0.140085,0.0613287)(-0.142943,-0.0658167)(0.122381,0.0479057)(-0.083063,0)(0.0691695,-0.0843333)(-0.0309954,-0.0721065)(-0.0359676,0.0448822)(-0.107859,0.157746)(-0.094289,-0.0439719)(-0.0607684,-0.0136283)(-0.0930851,-0.00943688)(0.0106301,0.0372019)(-0.0516795,-0.0961313)(0.0907784,-0.0266344)(-0.0326628,-0.0483564)(-0.0265859,-0.129642)
(0.0261373,-0.0533805)(-0.153757,0.0925891)(-0.0397524,0.0870029)(0.0691695,0.0843333)(-0.171291,0)(0.0916062,0.182716)(0.00692647,0.0173211)(0.0305962,-0.00479854)(-0.00129455,-0.112881)(-0.0866898,0.00771271)(-0.041417,0.117869)(0.000214834,0.0608966)(-0.0091552,0.173934)(0.0550403,-0.115272)(0.0098968,-0.0804128)(-0.146106,0.0941101)
(0.0335951,0.0450251)(-0.00864135,-0.0129534)(-0.0474408,-0.0994783)(-0.0309954,0.0721065)(0.0916062,-0.182716)(0.211331,0)(0.0474133,-0.0461803)(0.0444019,0.0421834)(-0.230161,0.0317693)(0.0337665,0.107981)(-0.0522896,-0.0162134)(0.126701,-0.041486)(-0.0245973,-0.204529)(-0.0977759,-0.0873853)(0.200071,0.0266016)(0.0891736,-0.0113686)
(0.0165247,-0.0659302)(0.0177322,-0.132708)(0.0395911,0.00913017)(-0.0359676,-0.0448822)(0.00692647,-0.0173211)(0.0474133,0.0461803)(-0.161578,0)(-0.0199046,-0.141654)(-0.0130811,0.0444526)(0.037214,0.00623633)(0.0401327,-0.0164123)(-0.00876742,0.0911735)(0.025373,0.109104)(-0.111514,-0.0842753)(-0.00463034,-0.0138222)(-0.0801803,0.139783)
(0.0294738,0.0461008)(0.0202591,0.00487402)(0.0254557,0.0148778)(-0.107859,-0.157746)(0.0305962,0.00479854)(0.0444019,-0.0421834)(-0.0199046,0.141654)(0.0453259,0)(0.0712924,-0.104493)(0.0637289,0.0395358)(0.0172296,0.182056)(0.0879175,-0.0763357)(0.0382095,-0.0616984)(0.0325079,-0.0522298)(0.0310769,0.071637)(0.0236502,0.0913014)
(0.00807285,-0.154672)(-0.0106402,0.178919)(-0.0848309,0.0505504)(-0.094289,0.0439719)(-0.00129455,0.112881)(-0.230161,-0.0317693)(-0.0130811,-0.0444526)(0.0712924,0.104493)(-0.262235,0)(0.0216201,0.0975427)(-0.25857,-0.056611)(0.0350129,0.0374581)(-0.110927,0.058138)(-0.00733004,0.0367797)(-0.115597,0.0426372)(-0.0545964,0.0413773)
(-0.0447898,-0.0737045)(-0.113795,-0.165491)(0.0909056,0.0646044)(-0.0607684,0.0136283)(-0.0866898,-0.00771271)(0.0337665,-0.107981)(0.037214,-0.00623633)(0.0637289,-0.0395358)(0.0216201,-0.0975427)(0.135253,0)(-0.0625104,-0.0555971)(0.0602906,-0.0360457)(-0.186166,0.0226658)(-0.0570894,0.0150326)(0.089128,-0.162546)(-0.07208,0.0642345)
(0.186192,-0.0227243)(-0.0373809,0.0105511)(-0.0604932,-0.151169)(-0.0930851,0.00943688)(-0.041417,-0.117869)(-0.0522896,0.0162134)(0.0401327,0.0164123)(0.0172296,-0.182056)(-0.25857,0.056611)(-0.0625104,0.0555971)(0.0883106,0)(-0.0414858,0.137318)(-0.0850778,0.0737848)(0.157438,0.0404412)(-0.0136439,-0.178758)(-0.0548613,-0.0238567)
(-0.0592713,0.0647815)(-0.0629353,-0.0158839)(0.0185215,0.0192371)(0.0106301,-0.0372019)(0.000214834,-0.0608966)(0.126701,0.041486)(-0.00876742,-0.0911735)(0.0879175,0.0763357)(0.0350129,-0.0374581)(0.0602906,0.0360457)(-0.0414858,-0.137318)(0.0351048,0)(-0.0817643,0.0795147)(0.00155064,0.086769)(-0.00781871,-0.260787)(0.0136494,-0.11903)
(-0.0289316,-0.0230432)(-0.173909,0.115791)(-0.0355248,-0.0548398)(-0.0516795,0.0961313)(-0.0091552,-0.173934)(-0.0245973,0.204529)(0.025373,-0.109104)(0.0382095,0.0616984)(-0.110927,-0.058138)(-0.186166,-0.0226658)(-0.0850778,-0.0737848)(-0.0817643,-0.0795147)(0.0928921,0)(-0.0417346,-0.0714829)(-0.0594927,-0.128625)(0.00492632,0.00552385)
(0.0410289,-0.0282852)(-0.0092995,-4.4734e-005)(-0.00217168,-0.0910994)(0.0907784,0.0266344)(0.0550403,0.115272)(-0.0977759,0.0873853)(-0.111514,0.0842753)(0.0325079,0.0522298)(-0.00733004,-0.0367797)(-0.0570894,-0.0150326)(0.157438,-0.0404412)(0.00155064,-0.086769)(-0.0417346,0.0714829)(0.161563,0)(-0.0374812,-0.11867)(0.0421265,-0.0378476)
(0.222891,0.116254)(0.0480938,-0.038791)(-0.0365172,-0.0202625)(-0.0326628,0.0483564)(0.0098968,0.0804128)(0.200071,-0.0266016)(-0.00463034,0.0138222)(0.0310769,-0.071637)(-0.115597,-0.0426372)(0.089128,0.162546)(-0.0136439,0.178758)(-0.00781871,0.260787)(-0.0594927,0.128625)(-0.0374812,0.11867)(0.018086,0)(0.0681135,0.0231099)
(0.069447,0.0867718)(0.197217,-0.0034852)(-0.184356,0.179483)(-0.0265859,0.129642)(-0.146106,-0.0941101)(0.0891736,0.0113686)(-0.0801803,-0.139783)(0.0236502,-0.0913014)(-0.0545964,-0.0413773)(-0.07208,-0.0642345)(-0.0548613,0.0238567)(0.0136494,0.11903)(0.00492632,-0.00552385)(0.0421265,0.0378476)(0.0681135,-0.0231099)(-0.166205,0)

(-0.098495,0)(-0.216126,0.0381175)(-0.123139,-0.125227)(0.276057,0.235594)(0.216911,0.0611871)(-0.142694,-0.0691983)(-0.101917,0.030375)(0.0714422,0.228128)(-0.000721572,-0.126042)(0.0797791,-0.0257884)(0.0584567,-0.0797456)(0.0150282,-0.281952)(0.079319,0.087654)(-0.00672294,-0.0769799)(0.0664236,0.0147637)(0.165196,0.0109446)
(-0.216126,-0.0381175)(0.0362859,0)(0.0479584,0.132369)(-0.0956771,0.127933)(0.0729458,0.316183)(0.283522,-0.13266)(-0.0745674,-0.229416)(-0.0185956,0.256598)(-0.243878,0.0869755)(0.261389,-0.102749)(0.300365,-0.226359)(0.0748199,-0.169927)(0.0682178,0.0239583)(0.100403,0.206371)(-0.201019,0.0552309)(-0.0020723,0.0196346)
(-0.123139,0.125227)(0.0479584,-0.132369)(-0.125046,0)(-0.278251,-0.0685914)(0.133584,0.290871)(0.189582,0.0836678)(-0.329974,-0.181265)(-0.0740228,-0.0729525)(0.0348498,0.12921)(-0.0885199,-0.082988)(0.19741,0.141049)(-0.289489,0.216935)(-0.157007,0.128173)(0.148559,0.0472784)(0.194716,0.0116433)(0.0776993,0.0442829)
(0.276057,-0.235594)(-0.0956771,-0.127933)(-0.278251,0.0685914)(0.258572,0)(0.0870315,0.0699012)(-0.167586,-0.031864)(-0.182203,0.0167731)(-0.218474,-0.32629)(0.0135644,0.162081)(0.00330914,0.115706)(-0.0920062,-0.0929788)(-0.0486064,0.00708912)(-0.142675,0.12328)(0.205868,0.170118)(0.0953283,0.0361971)(-0.106447,0.0880296)
(0.216911,-0.0611871)(0.0729458,-0.316183)(0.133584,-0.290871)(0.0870315,-0.0699012)(-0.0373399,0)(-0.0192068,0.190895)(-0.0487868,-0.0345602)(0.0710631,-0.053812)(0.20272,-0.137307)(0.137378,-0.169496)(0.124762,0.176797)(0.0701725,0.0470531)(-0.535574,-0.157791)(-0.142193,-0.232567)(-0.284677,0.21413)(-0.12814,-0.16057)
(-0.142694,0.0691983)(0.283522,0.13266)(0.189582,-0.0836678)(-0.167586,0.031864)(-0.0192068,-0.190895)(-0.0151423,0)(-0.174775,-0.0712231)(-0.481407,0.0479111)(0.148462,-0.0648094)(0.245009,-0.0464008)(0.073529,0.0525153)(-0.182688,-0.0364655)(0.1236,0.148209)(0.232019,-0.108018)(-0.0211763,0.474783)(-0.158327,-0.0184591)
(-0.101917,-0.030375)(-0.0745674,0.229416)(-0.329974,0.181265)(-0.182203,-0.0167731)(-0.0487868,0.0345602)(-0.174775,0.0712231)(-0.143601,0)(0.0239266,-0.208185)(0.00125385,0.121258)(-0.122782,-0.133478)(0.0213622,0.0235109)(-0.0697801,-0.123906)(-0.0759621,-0.163131)(-0.0545533,-0.328392)(0.0664076,-0.174158)(0.305414,-0.0207014)
(0.0714422,-0.228128)(-0.0185956,-0.256598)(-0.0740228,0.0729525)(-0.218474,0.32629)(0.0710631,0.053812)(-0.481407,-0.0479111)(0.0239266,0.208185)(-0.0284899,0)(-0.13478,-0.259476)(-0.354064,0.231955)(0.401035,-0.106877)(0.0385985,-0.218528)(0.0376536,0.238467)(-0.184189,0.123934)(0.034059,0.00186199)(0.113784,0.101585)
(-0.000721572,0.126042)(-0.243878,-0.0869755)(0.0348498,-0.12921)(0.0135644,-0.162081)(0.20272,0.137307)(0.148462,0.0648094)(0.00125385,-0.121258)(-0.13478,0.259476)(0.0484023,0)(0.240758,-0.00615746)(-0.0435973,-0.0236378)(0.0674332,-0.381008)(-0.0213696,-0.193048)(-0.0095437,-0.0363978)(-0.246654,-0.0750413)(0.0554465,0.00422339)
(0.0797791,0.0257884)(0.261389,0.102749)(-0.0885199,0.082988)(0.00330914,-0.115706)(0.137378,0.169496)(0.245009,0.0464008)(-0.122782,0.133478)(-0.354064,-0.231955)(0.240758,0.00615746)(-0.132854,0)(0.0849935,0.058393)(-0.186348,0.149982)(-0.0886498,0.118746)(0.107089,0.0145541)(0.523568,0.0603223)(-0.148045,0.118996)
(0.0584567,0.0797456)(0.300365,0.226359)(0.19741,-0.141049)(-0.0920062,0.0929788)(0.124762,-0.176797)(0.073529,-0.0525153)(0.0213622,-0.0235109)(0.401035,0.106877)(-0.0435973,0.0236378)(0.0849935,-0.058393)(0.306539,0)(0.229064,0.0750188)(-0.112316,0.190302)(0.101026,-0.280773)(-0.0766695,-0.0300924)(-0.00625282,-0.0143404)
(0.0150282,0.281952)(0.0748199,0.169927)(-0.289489,-0.216935)(-0.0486064,-0.00708912)(0.0701725,-0.0470531)(-0.182688,0.0364655)(-0.0697801,0.123906)(0.0385985,0.218528)(0.0674332,0.381008)(-0.186348,-0.149982)(0.229064,-0.0750188)(0.0895703,0)(0.023478,-0.0789484)(-0.0915211,-0.0268912)(0.0861595,0.0563291)(-0.0463141,0.0295599)
(0.079319,-0.087654)(0.0682178,-0.0239583)(-0.157007,-0.128173)(-0.142675,-0.12328)(-0.535574,0.157791)(0.1236,-0.148209)(-0.0759621,0.163131)(0.0376536,-0.238467)(-0.0213696,0.193048)(-0.0886498,-0.118746)(-0.112316,-0.190302)(0.023478,0.0789484)(0.0709648,0)(0.186287,0.207383)(-0.121469,-0.0933559)(-0.35355,0.411815)
(-0.00672294,0.0769799)(0.100403,-0.206371)(0.148559,-0.0472784)(0.205868,-0.170118)(-0.142193,0.232567)(0.232019,0.108018)(-0.0545533,0.328392)(-0.184189,-0.123934)(-0.0095437,0.0363978)(0.107089,-0.0145541)(0.101026,0.280773)(-0.0915211,0.0268912)(0.186287,-0.207383)(-0.424293,0)(0.0576036,-0.209162)(0.33765,-0.237577)
(0.0664236,-0.0147637)(-0.201019,-0.0552309)(0.194716,-0.0116433)(0.0953283,-0.0361971)(-0.284677,-0.21413)(-0.0211763,-0.474783)(0.0664076,0.174158)(0.034059,-0.00186199)(-0.246654,0.0750413)(0.523568,-0.0603223)(-0.0766695,0.0300924)(0.0861595,-0.0563291)(-0.121469,0.0933559)(0.0576036,0.209162)(0.115924,0)(0.0851692,0.0859431)
(0.165196,-0.0109446)(-0.0020723,-0.0196346)(0.0776993,-0.0442829)(-0.106447,-0.0880296)(-0.12814,0.16057)(-0.158327,0.0184591)(0.305414,0.0207014)(0.113784,-0.101585)(0.0554465,-0.00422339)(-0.148045,-0.118996)(-0.00625282,0.0143404)(-0.0463141,-0.0295599)(-0.35355,-0.411815)(0.33765,0.237577)(0.0851692,-0.0859431)(0.0790017,0)

(-0.391967,0)(0.379139,0.121494)(0.00299907,0.351718)(0.234404,-0.0257722)(-0.245079,0.117068)(-0.170586,-0.17754)(0.071611,0.112342)(0.0347612,0.00913253)(-0.0790197,0.198932)(-0.0186777,0.212109)(0.000471509,0.270012)(-0.0654025,-0.0867366)(0.0103064,0.115806)(0.102957,0.0968195)(-0.143178,-0.0359612)(-0.106115,-0.0802376)
(0.379139,-0.121494)(0.073391,0)(-0.164012,0.0557321)(-0.0291448,-0.0711975)(-0.376348,0.12398)(-0.0220254,-0.105335)(-0.106278,0.181017)(0.522176,-0.0335358)(-0.180923,0.117249)(-0.0233197,0.223611)(0.0514585,0.202553)(-0.0885774,-0.221705)(-0.113693,-0.193046)(0.0810406,0.0477519)(0.120263,-0.224169)(-0.169718,0.084261)
(0.00299907,-0.351718)(-0.164012,-0.0557321)(-0.00565463,0)(0.0605178,-0.0628675)(-0.0742005,0.036879)(-0.356794,-0.203057)(-0.155189,0.196726)(-0.0274272,0.0129776)(0.150454,0.00194858)(-0.0695926,-0.248707)(-0.295517,-0.0631846)(-0.2143,0.135915)(0.00157232,-0.343186)(0.145357,0.262345)(0.218175,-0.046106)(0.0515559,-0.104547)
(0.234404,0.0257722)(-0.0291448,0.0711975)(0.0605178,0.0628675)(0.127517,0)(-0.0698972,-0.105877)(-0.165165,-0.0934218)(-0.0571069,0.158633)(0.178407,-0.146721)(0.164227,0.0237725)(-0.119279,-0.416069)(-0.0165381,0.00290406)(0.0822856,-0.177132)(0.0544618,-0.210338)(0.102136,0.111867)(-0.017737,0.0608916)(0.186005,-0.0991797)
(-0.245079,-0.117068)(-0.376348,-0.12398)(-0.0742005,-0.036879)(-0.0698972,0.105877)(0.249139,0)(0.184591,0.0754193)(0.309885,0.144903)(0.0168371,0.0322966)(0.181423,0.214365)(0.141951,0.00597732)(-0.0218564,-0.0247932)(0.0595709,-0.279059)(-0.15672,0.0805261)(-0.0155193,0.076672)(0.210368,0.0530851)(-0.0185766,0.23566)
(-0.170586,0.17754)(-0.0220254,0.105335)(-0.356794,0.203057)(-0.165165,0.0934218)(0.184591,-0.0754193)(-0.186248,0)(-0.0702567,-0.0845726)(-0.0821459,-0.0405587)(-0.160132,0.269303)(-0.0105053,-0.105583)(0.109301,-0.0356403)(-0.0544372,0.202425)(-0.247059,0.0620849)(0.165576,0.178034)(0.0331699,0.153051)(-0.122477,-0.0534818)
(0.071611,-0.112342)(-0.106278,-0.181017)(-0.155189,-0.196726)(-0.0571069,-0.158633)(0.309885,-0.144903)(-0.0702567,0.0845726)(-0.209446,0)(0.279261,0.191281)(0.266287,-0.0210442)(-0.0889735,-0.257426)(0.179658,0.144207)(0.041986,-0.109039)(-0.127754,0.146287)(-0.282163,-0.00233377)(-0.141619,-0.0126298)(0.00792696,-0.00044489)
(0.0347612,-0.00913253)(0.522176,0.0335358)(-0.0274272,-0.0129776)(0.178407,0.146721)(0.0168371,-0.0322966)(-0.0821459,0.0405587)(0.279261,-0.191281)(0.160215,0)(0.070298,0.236181)(-0.00074191,0.16926)(0.132093,-0.0844309)(0.0600947,-0.210649)(-0.0823678,-0.143341)(0.105928,-0.0826154)(0.137502,-0.00435581)(0.289812,0.0147952)
(-0.0790197,-0.198932)(-0.180923,-0.117249)(0.150454,-0.00194858)(0.164227,-0.0237725)(0.181423,-0.214365)(-0.160132,-0.269303)(0.266287,0.0210442)(0.070298,-0.236181)(0.160226,0)(-0.189736,0.180254)(-0.0583802,0.130631)(-0.0809165,-0.13326)(-0.05315,0.0674272)(-0.125108,-0.0761243)(-0.0252189,-0.194767)(-0.0138169,-0.0109277)
(-0.0186777,-0.212109)(-0.0233197,-0.223611)(-0.0695926,0.248707)(-0.119279,0.416069)(0.141951,-0.00597732)(-0.0105053,0.105583)(-0.0889735,0.257426)(-0.00074191,-0.16926)(-0.189736,-0.180254)(-0.106152,0)(0.0618095,0.177244)(-0.165215,-0.0993331)(-0.266216,0.131486)(0.209347,-0.0631527)(0.248729,-0.306609)(-0.331956,-0.168093)
(0.000471509,-0.270012)(0.0514585,-0.202553)(-0.295517,0.0631846)(-0.0165381,-0.00290406)(-0.0218564,0.0247932)(0.109301,0.0356403)(0.179658,-0.144207)(0.132093,0.0844309)(-0.0583802,-0.130631)(0.0618095,-0.177244)(-0.0802448,0)(-0.155852,-0.206231)(0.0412067,0.0133954)(0.147297,0.0655426)(0.125704,0.105094)(-0.0208345,-0.0557721)
(-0.0654025,0.0867366)(-0.0885774,0.221705)(-0.2143,-0.135915)(0.0822856,0.177132)(0.0595709,0.279059)(-0.0544372,-0.202425)(0.041986,0.109039)(0.0600947,0.210649)(-0.0809165,0.13326)(-0.165215,0.0993331)(-0.155852,0.206231)(0.355813,0)(0.349967,0.201127)(-0.245256,-0.15498)(-0.138692,-0.0935495)(0.27741,0.190477)
(0.0103064,-0.115806)(-0.113693,0.193046)(0.00157232,0.343186)(0.0544618,0.210338)(-0.15672,-0.0805261)(-0.247059,-0.0620849)(-0.127754,-0.146287)(-0.0823678,0.143341)(-0.05315,-0.0674272)(-0.266216,-0.131486)(0.0412067,-0.0133954)(0.349967,-0.201127)(-0.287681,0)(0.12757,-0.180729)(0.0381968,-0.0865061)(0.225921,0.11866)
(0.102957,-0.0968195)(0.0810406,-0.0477519)(0.145357,-0.262345)(0.102136,-0.111867)(-0.0155193,-0.076672)(0.165576,-0.178034)(-0.282163,0.00233377)(0.105928,0.0826154)(-0.125108,0.0761243)(0.209347,0.0631527)(0.147297,-0.0655426)(-0.245256,0.15498)(0.12757,0.180729)(-0.248943,0)(-0.158722,0.244488)(0.0996577,0.239536)
(-0.143178,0.0359612)(0.120263,0.224169)(0.218175,0.046106)(-0.017737,-0.0608916)(0.210368,-0.0530851)(0.0331699,-0.153051)(-0.141619,0.0126298)(0.137502,0.00435581)(-0.0252189,0.194767)(0.248729,0.306609)(0.125704,-0.105094)(-0.138692,0.0935495)(0.0381968,0.0865061)(-0.158722,-0.244488)(0.0379966,0)(0.078025,0.0929024)
(-0.106115,0.0802376)(-0.169718,-0.084261)(0.0515559,0.104547)(0.186005,0.0991797)(-0.0185766,-0.23566)(-0.122477,0.0534818)(0.00792696,0.00044489)(0.289812,-0.0147952)(-0.0138169,0.0109277)(-0.331956,0.168093)(-0.0208345,0.0557721)(0.27741,-0.190477)(0.225921,-0.11866)(0.0996577,-0.239536)(0.078025,-0.0929024)(0.352039,0)

(0.210641,0)(0.215316,-0.0746229)(-0.0334354,-0.157954)(-0.0892971,0.0278621)(-0.0389429,-0.0553936)(-0.0274747,-0.0783328)(-0.464999,-0.0556451)(0.345692,-0.161101)(0.0391064,0.209935)(0.186851,0.340613)(0.0446168,-0.244834)(-0.238338,0.267581)(-0.050365,0.0853212)(-0.0641089,-0.0204326)(-0.0398167,0.0692908)(0.0680414,0.0865379)
(0.215316,0.0746229)(0.142458,0)(-0.0560007,-0.0133442)(0.0739419,0.014251)(0.0804929,-0.282871)(-0.0464438,0.0612612)(0.0343593,-0.207595)(0.0711928,-0.000589721)(0.0195918,0.204963)(0.201524,0.112664)(0.0408206,-0.0711544)(0.0635407,0.0174069)(-0.0560963,-0.206981)(-0.0653764,0.14181)(-0.234306,-0.0514386)(-0.0800627,0.0428691)
(-0.0334354,0.157954)(-0.0560007,0.0133442)(-0.32798,0)(-0.151499,-0.343538)(-0.28553,-0.168987)(0.234712,0.23148)(0.128682,0.165381)(-0.13835,-0.105974)(-0.102983,0.145362)(0.167746,-0.129093)(-0.136779,-0.089095)(0.14553,0.138016)(0.037301,-0.115581)(0.252941,0.0884337)(-0.198663,0.0410624)(0.148357,0.0373374)
(-0.0892971,-0.0278621)(0.0739419,-0.014251)(-0.151499,0.343538)(-0.0102097,0)(0.120126,-0.251511)(0.399533,-0.062922)(-0.0241492,0.26851)(0.0487828,-0.108452)(0.176173,0.121345)(-0.250233,0.383445)(0.00861892,-0.0414736)(0.246013,-0.0403818)(0.229222,0.339005)(0.260876,0.16884)(0.0487622,0.16188)(-0.0472268,-0.0483531)
(-0.0389429,0.0553936)(0.0804929,0.282871)(-0.28553,0.168987)(0.120126,0.251511)(0.2958,0)(-0.298974,-0.368279)(0.0311708,-0.069569)(0.0819735,-0.0830976)(-0.00512431,-0.162955)(-0.067105,-0.141104)(0.194986,-0.0618397)(-0.265848,-0.115495)(-0.140909,0.246014)(-0.0396705,-0.248478)(0.0859408,0.106292)(-0.17473,0.198175)
(-0.0274747,0.0783328)(-0.0464438,-0.0612612)(0.234712,-0.23148)(0.399533,0.062922)(-0.298974,0.368279)(-0.29711,0)(0.0977946,0.108943)(0.00619804,-0.0439056)(0.0224715,0.134875)(-0.0186282,0.241196)(-0.0602011,0.121594)(-0.0229777,-0.286224)(-0.00565233,0.284312)(-0.0416538,-0.0906489)(0.160794,0.0986644)(-0.111967,0.125077)
(-0.464999,0.0556451)(0.0343593,0.207595)(0.128682,-0.165381)(-0.0241492,-0.26851)(0.0311708,0.069569)(0.0977946,-0.108943)(-0.290373,0)(0.104148,0.293944)(0.0248062,-0.0531639)(-0.0157561,-0.306618)(0.27749,0.0297942)(-0.0347444,0.29826)(-0.155857,0.0818418)(-0.21388,-0.025928)(-0.36101,0.15543)(-0.0458225,-0.143606)
(0.345692,0.161101)(0.0711928,0.000589721)(-0.13835,0.105974)(0.0487828,0.108452)(0.0819735,0.0830976)(0.00619804,0.0439056)(0.104148,-0.293944)(-0.0879427,0)(0.170609,0.114905)(-0.0902745,-0.0852369)(-0.123351,-0.178165)(0.367561,0.048043)(0.0641606,-0.0142562)(0.188718,0.0859021)(0.0143086,-0.0995184)(-0.0799009,0.0740915)
(0.0391064,-0.209935)(0.0195918,-0.204963)(-0.102983,-0.145362)(0.176173,-0.121345)(-0.00512431,0.162955)(0.0224715,-0.134875)(0.0248062,0.0531639)(0.170609,-0.114905)(0.0553456,0)(-0.118399,-0.273745)(-0.0293883,-0.180849)(0.00724984,-0.0131733)(-0.160037,-0.122142)(-0.0313641,-0.138893)(0.0790489,-0.0868906)(-0.107999,0.0232948)
(0.186851,-0.340613)(0.201524,-0.112664)(0.167746,0.129093)(-0.250233,-0.383445)(-0.067105,0.141104)(-0.0186282,-0.241196)(-0.0157561,0.306618)(-0.0902745,0.0852369)(-0.118399,0.273745)(-0.015008,0)(0.0426937,0.411666)(-0.0885084,0.327154)(0.108726,-0.379639)(-0.103057,0.107847)(-0.147656,-0.0909706)(-0.0753049,-0.0512157)
(0.0446168,0.244834)(0.0408206,0.0711544)(-0.136779,0.089095)(0.00861892,0.0414736)(0.194986,0.0618397)(-0.0602011,-0.121594)(0.27749,-0.0297942)(-0.123351,0.178165)(-0.0293883,0.180849)(0.0426937,-0.411666)(0.329346,0)(0.0629201,0.230429)(-0.0975972,-0.19366)(0.207809,-0.0985417)(0.1454,0.0480733)(-0.331023,-0.120721)
(-0.238338,-0.267581)(0.0635407,-0.0174069)(0.14553,-0.138016)(0.246013,0.0403818)(-0.265848,0.115495)(-0.0229777,0.286224)(-0.0347444,-0.29826)(0.367561,-0.048043)(0.00724984,0.0131733)(-0.0885084,-0.327154)(0.0629201,-0.230429)(0.0372489,0)(0.214854,-0.0536329)(-0.0464269,0.0897259)(0.179163,0.0204403)(-0.0987161,-0.389264)
(-0.050365,-0.0853212)(-0.0560963,0.206981)(0.037301,0.115581)(0.229222,-0.339005)(-0.140909,-0.246014)(-0.00565233,-0.284312)(-0.155857,-0.0818418)(0.0641606,0.0142562)(-0.160037,0.122142)(0.108726,0.379639)(-0.0975972,0.19366)(0.214854,0.0536329)(-0.248313,0)(-0.0885426,-0.127794)(-0.215369,-0.0175718)(0.0746701,-0.20199)
(-0.0641089,0.0204326)(-0.0653764,-0.14181)(0.252941,-0.0884337)(0.260876,-0.16884)(-0.0396705,0.248478)(-0.0416538,0.0906489)(-0.21388,0.025928)(0.188718,-0.0859021)(-0.0313641,0.138893)(-0.103057,-0.107847)(0.207809,0.0985417)(-0.0464269,-0.0897259)(-0.0885426,0.127794)(0.0758792,0)(0.338331,-0.105425)(-0.178534,-0.0816317)
(-0.0398167,-0.0692908)(-0.234306,0.0514386)(-0.198663,-0.0410624)(0.0487622,-0.16188)(0.0859408,-0.106292)(0.160794,-0.0986644)(-0.36101,-0.15543)(0.0143086,0.0995184)(0.0790489,0.0868906)(-0.147656,0.0909706)(0.1454,-0.0480733)(0.179163,-0.0204403)(-0.215369,0.0175718)(0.338331,0.105425)(-0.072026,0)(0.226121,0.0473172)
(0.0680414,-0.0865379)(-0.0800627,-0.0428691)(0.148357,-0.0373374)(-0.0472268,0.0483531)(-0.17473,-0.198175)(-0.111967,-0.125077)(-0.0458225,0.143606)(-0.0799009,-0.0740915)(-0.107999,-0.0232948)(-0.0753049,0.0512157)(-0.331023,0.120721)(-0.0987161,0.389264)(0.0746701,0.20199)(-0.178534,0.0816317)(0.226121,-0.0473172)(0.202244,0)

(-0.160333,0)(-0.27601,-0.135266)(0.179453,-0.0110971)(-0.12078,-0.154942)(-0.0628606,-0.0522536)(-0.201951,-0.0647587)(0.270835,0.0934657)(0.196759,-0.13385)(0.0566362,-0.041652)(-0.237759,0.0764875)(0.0451813,0.102502)(0.0847216,0.114972)(-0.0404942,-0.0808667)(0.154518,-0.254895)(-0.0918295,0.0417394)(0.129347,0.192163)
(-0.27601,0.135266)(0.106292,0)(-0.2108,-0.176798)(-0.0273474,-0.194342)(0.020406,0.172838)(0.168007,0.114574)(0.300242,-0.132975)(0.0104475,0.220321)(0.159237,-0.134135)(-0.341529,-0.0218496)(0.262335,0.0178662)(-0.176961,-0.155372)(0.0867325,-0.151996)(-0.0512343,-0.027573)(-0.327399,-0.503493)(0.0100879,-0.0799611)
(0.179453,0.0110971)(-0.2108,0.176798)(0.10817,0)(0.032379,0.191331)(-0.0287133,0.177917)(0.0728997,0.111489)(0.023523,0.0299923)(0.0165075,0.104447)(-0.0922685,0.155071)(-0.039461,-0.208623)(0.0648663,0.242782)(-0.0683682,0.122722)(0.0920396,-0.30741)(0.0570198,-0.219318)(-0.0200646,0.0411453)(-0.134834,-0.148003)
(-0.12078,0.154942)(-0.0273474,0.194342)(0.032379,-0.191331)(0.0213588,0)(0.315233,0.209276)(0.198674,0.227511)(-0.105378,-0.088021)(0.146413,-0.0322713)(-0.0452461,0.229362)(-0.128685,0.219747)(-0.00777325,0.411281)(0.0681123,-0.232389)(0.160698,0.178607)(-0.142795,0.0295352)(-0.108055,0.00558295)(-0.173037,0.100435)
(-0.0628606,0.0522536)(0.020406,-0.172838)(-0.0287133,-0.177917)(0.315233,-0.209276)(-0.0264049,0)(0.147698,0.0412928)(0.105634,0.0717555)(0.0287186,-0.401398)(0.379427,0.182576)(0.130701,0.135288)(-0.0137526,0.135934)(-0.231836,0.199635)(0.0526957,0.0694324)(0.033289,0.0250436)(0.035721,-0.110767)(0.152535,-0.0864001)
(-0.201951,0.0647587)(0.168007,-0.114574)(0.0728997,-0.111489)(0.198674,-0.227511)(0.147698,-0.0412928)(-0.213627,0)(0.0441075,-0.0783125)(0.155612,0.0499139)(-0.101007,-0.0636988)(0.00625043,0.243276)(-0.170422,0.314478)(0.060975,-0.0735373)(-0.0267943,0.251194)(-0.0302399,0.260743)(-0.0804525,0.0339313)(0.108288,-0.00919564)
(0.270835,-0.0934657)(0.300242,0.132975)(0.023523,-0.0299923)(-0.105378,0.088021)(0.105634,-0.0717555)(0.0441075,0.0783125)(0.294297,0)(0.0986436,0.0203501)(-0.178796,-0.164733)(-0.357096,0.255252)(-0.0516404,0.137189)(0.0227628,0.164844)(-0.0985333,-0.00663582)(-0.260123,-0.0284858)(0.0805751,0.0447297)(0.0672484,0.0387911)
(0.196759,0.13385)(0.0104475,-0.220321)(0.0165075,-0.104447)(0.146413,0.0322713)(0.0287186,0.401398)(0.155612,-0.0499139)(0.0986436,-0.0203501)(0.195481,0)(0.0566766,0.12983)(-0.0271144,0.00468321)(0.0829152,-0.0137129)(0.13557,0.0488257)(0.0502674,0.0953188)(-0.186214,-0.0561298)(0.216884,-0.197859)(0.0176364,0.104844)
(0.0566362,0.041652)(0.159237,0.134135)(-0.0922685,-0.155071)(-0.0452461,-0.229362)(0.379427,-0.182576)(-0.101007,0.0636988)(-0.178796,0.164733)(0.0566766,-0.12983)(0.0733556,0)(0.162903,0.0634602)(-0.171559,-0.00854471)(0.0439319,-0.328287)(0.123816,-0.037596)(-0.197665,-0.37485)(-0.308024,-0.0575885)(-0.0497599,0.00833059)
(-0.237759,-0.0764875)(-0.341529,0.0218496)(-0.039461,0.208623)(-0.128685,-0.219747)(0.130701,-0.135288)(0.00625043,-0.243276)(-0.357096,-0.255252)(-0.0271144,-0.00468321)(0.162903,-0.0634602)(0.0255962,0)(-0.0197774,0.0745651)(0.180775,-0.143363)(0.0268925,-0.198825)(0.151591,0.287364)(0.121744,-0.175764)(-0.140775,0.0115129)
(0.0451813,-0.102502)(0.262335,-0.0178662)(0.0648663,-0.242782)(-0.00777325,-0.411281)(-0.0137526,-0.135934)(-0.170422,-0.314478)(-0.0516404,-0.137189)(0.0829152,0.0137129)(-0.171559,0.00854471)(-0.0197774,-0.0745651)(0.0815806,0)(0.0835718,0.0722848)(-0.287941,0.02663)(-0.0822373,-0.212779)(0.181424,0.0769202)(-0.205954,0.021292)
(0.0847216,-0.114972)(-0.176961,0.155372)(-0.0683682,-0.122722)(0.0681123,0.232389)(-0.231836,-0.199635)(0.060975,0.0735373)(0.0227628,-0.164844)(0.13557,-0.0488257)(0.0439319,0.328287)(0.180775,0.143363)(0.0835718,-0.0722848)(-0.157849,0)(-0.384287,0.109638)(0.111985,0.0258599)(-0.116056,0.172876)(-0.0386354,0.244971)
(-0.0404942,0.0808667)(0.0867325,0.151996)(0.0920396,0.30741)(0.160698,-0.178607)(0.0526957,-0.0694324)(-0.0267943,-0.251194)(-0.0985333,0.00663582)(0.0502674,-0.0953188)(0.123816,0.037596)(0.0268925,0.198825)(-0.287941,-0.02663)(-0.384287,-0.109638)(0.274661,0)(0.0286574,-0.200933)(-0.157675,-0.133309)(0.308003,0.0598926)
(0.154518,0.254895)(-0.0512343,0.027573)(0.0570198,0.219318)(-0.142795,-0.0295352)(0.033289,-0.0250436)(-0.0302399,-0.260743)(-0.260123,0.0284858)(-0.186214,0.0561298)(-0.197665,0.37485)(0.151591,-0.287364)(-0.0822373,0.212779)(0.111985,-0.0258599)(0.0286574,0.200933)(0.0922974,0)(-0.074212,-0.109576)(-0.166028,-0.0576122)
(-0.0918295,-0.0417394)(-0.327399,0.503493)(-0.0200646,-0.0411453)(-0.108055,-0.00558295)(0.035721,0.110767)(-0.0804525,-0.0339313)(0.0805751,-0.0447297)(0.216884,0.197859)(-0.308024,0.0575885)(0.121744,0.175764)(0.181424,-0.0769202)(-0.116056,-0.172876)(-0.157675,0.133309)(-0.074212,0.109576)(-0.540086,0)(0.0728147,0.3006)
(0.129347,-0.192163)(0.0100879,0.0799611)(-0.134834,0.148003)(-0.173037,-0.100435)(0.152535,0.0864001)(0.108288,0.00919564)(0.0672484,-0.0387911)(0.0176364,-0.104844)(-0.0497599,-0.00833059)(-0.140775,-0.0115129)(-0.205954,-0.021292)(-0.0386354,-0.244971)(0.308003,-0.0598926)(-0.166028,0.0576122)(0.0728147,-0.3006)(-0.17479,0)

(-0.387811,0)(-0.358953,-0.174467)(0.086192,0.157305)(-0.0113107,0.031914)(-0.0232875,-0.0063993)(0.12479,-0.280331)(0.105742,-0.0766361)(-0.200609,0.278401)(0.116339,-0.0385392)(-0.194884,0.0212222)(-0.083403,0.0578582)(0.145584,-0.109175)(-0.220621,-0.15272)(-0.163867,-0.156063)(0.0953887,0.132179)(0.206996,0.00943226)
(-0.358953,0.174467)(0.203751,0)(0.0102435,0.114284)(0.338104,0.0615278)(-0.168783,-0.201789)(0.199195,-0.200976)(0.214054,0.126746)(0.0562316,-0.360401)(-0.0658836,0.0857224)(-0.152917,0.0662459)(-0.0530025,0.0798755)(-0.296212,0.166772)(-0.147449,-0.0956081)(-0.213281,-0.0392763)(-0.0669887,0.171597)(-0.0231398,-0.0776243)
(0.086192,-0.157305)(0.0102435,-0.114284)(-0.0419098,0)(-0.147398,-0.160517)(-0.0744393,-0.234975)(0.0712785,-0.00691275)(0.241376,-0.25771)(0.0105688,0.228859)(0.199012,0.0575496)(0.00642848,-0.268023)(0.0196587,0.0839448)(0.257613,0.0219521)(-0.184726,0.113185)(0.0586225,0.0424831)(-0.0267889,-0.0171163)(-0.072707,-0.140015)
(-0.0113107,-0.031914)(0.338104,-0.0615278)(-0.147398,0.160517)(-0.33857,0)(0.101949,0.121181)(0.0708261,-0.0672452)(0.05916,0.24708)(-0.0912355,-0.0470498)(-0.287232,-0.279983)(0.0521189,-0.133775)(-0.23348,-0.134776)(0.215854,0.109644)(0.112947,0.000728542)(0.29508,0.359833)(0.221142,0.211825)(0.37107,-0.00722505)
(-0.0232875,0.0063993)(-0.168783,0.201789)(-0.0744393,0.234975)(0.101949,-0.121181)(0.0855879,0)(0.239894,0.0195692)(0.12653,-0.0803873)(0.190065,0.0959612)(0.288304,-0.096715)(-0.188584,-0.123176)(-0.153859,0.0388458)(0.0624285,-0.222623)(0.231818,0.0255789)(0.378836,0.0275763)(0.335659,0.0871503)(0.195306,-0.018311)
(0.12479,0.280331)(0.199195,0.200976)(0.0712785,0.00691275)(0.0708261,0.0672452)(0.239894,-0.0195692)(0.134562,0)(-0.338405,0.194531)(-0.315184,-0.0340063)(0.0439064,-0.234362)(0.0276389,0.356373)(0.0543004,0.0520356)(0.241145,0.0659729)(0.339185,0.0745607)(-0.058222,-0.0305105)(-0.232835,0.489)(-0.0136537,-0.355152)
(0.105742,0.0766361)(0.214054,-0.126746)(0.241376,0.25771)(0.05916,-0.24708)(0.12653,0.0803873)(-0.338405,-0.194531)(0.141638,0)(-0.397091,-0.213909)(0.00527978,-0.184332)(0.00265914,-0.188752)(0.202592,0.0386022)(-0.0422961,0.199992)(0.00406197,0.133475)(0.093939,-0.171282)(0.115267,-0.172077)(0.29237,-0.00637499)
(-0.200609,-0.278401)(0.0562316,0.360401)(0.0105688,-0.228859)(-0.0912355,0.0470498)(0.190065,-0.0959612)(-0.315184,0.0340063)(-0.397091,0.213909)(0.284781,0)(-0.0804288,0.10181)(0.158926,0.0151116)(-0.112577,-0.0974586)(0.14875,-0.1654)(-0.177191,-0.065743)(0.0760464,0.258838)(-0.250547,-0.191945)(-0.118261,-0.00539144)
(0.116339,0.0385392)(-0.0658836,-0.0857224)(0.199012,-0.0575496)(-0.287232,0.279983)(0.288304,0.096715)(0.0439064,0.234362)(0.00527978,0.184332)(-0.0804288,-0.10181)(-0.00158186,0)(0.0875981,0.118832)(0.169685,0.0899959)(0.274189,0.0705169)(-0.0100635,0.0870597)(0.299886,0.00527335)(-0.241993,-0.109525)(-0.328748,-0.201609)
(-0.194884,-0.0212222)(-0.152917,-0.0662459)(0.00642848,0.268023)(0.0521189,0.133775)(-0.188584,0.123176)(0.0276389,-0.356373)(0.00265914,0.188752)(0.158926,-0.0151116)(0.0875981,-0.118832)(-0.198302,0)(-0.111807,0.00253611)(0.0260641,0.0326685)(0.0406179,0.182587)(0.00113604,0.0691871)(-0.08437,0.339822)(-0.229205,0.0307909)
(-0.083403,-0.0578582)(-0.0530025,-0.0798755)(0.0196587,-0.0839448)(-0.23348,0.134776)(-0.153859,-0.0388458)(0.0543004,-0.0520356)(0.202592,-0.0386022)(-0.112577,0.0974586)(0.169685,-0.0899959)(-0.111807,-0.00253611)(0.0417013,0)(0.0165224,0.0387778)(0.194873,0.22889)(0.0527433,0.169085)(-0.203014,-0.0867109)(-0.0582354,0.0534756)
(0.145584,0.109175)(-0.296212,-0.166772)(0.257613,-0.0219521)(0.215854,-0.109644)(0.0624285,0.222623)(0.241145,-0.0659729)(-0.0422961,-0.199992)(0.14875,0.1654)(0.274189,-0.0705169)(0.0260641,-0.0326685)(0.0165224,-0.0387778)(0.198769,0)(0.19686,0.113317)(-0.0131611,0.102266)(0.0161147,-0.0267599)(-0.205036,-0.290082)
(-0.220621,0.15272)(-0.147449,0.0956081)(-0.184726,-0.113185)(0.112947,-0.000728542)(0.231818,-0.0255789)(0.339185,-0.0745607)(0.00406197,-0.133475)(-0.177191,0.065743)(-0.0100635,-0.0870597)(0.0406179,-0.182587)(0.194873,-0.22889)(0.19686,-0.113317)(-0.290376,0)(-0.00616875,0.0968007)(-0.215952,-0.141328)(0.0101603,0.100581)
(-0.163867,0.156063)(-0.213281,0.0392763)(0.0586225,-0.0424831)(0.29508,-0.359833)(0.378836,-0.0275763)(-0.058222,0.0305105)(0.093939,0.171282)(0.0760464,-0.258838)(0.299886,-0.00527335)(0.00113604,-0.0691871)(0.0527433,-0.169085)(-0.0131611,-0.102266)(-0.00616875,-0.0968007)(0.116659,0)(-0.0612335,-0.0964603)(-0.0674961,0.333117)
(0.0953887,-0.132179)(-0.0669887,-0.171597)(-0.0267889,0.0171163)(0.221142,-0.211825)(0.335659,-0.0871503)(-0.232835,-0.489)(0.115267,0.172077)(-0.250547,0.191945)(-0.241993,0.109525)(-0.08437,-0.339822)(-0.203014,0.0867109)(0.0161147,0.0267599)(-0.215952,0.141328)(-0.0612335,0.0964603)(0.388695,0)(0.147415,0.242723)
(0.206996,-0.00943226)(-0.0231398,0.0776243)(-0.072707,0.140015)(0.37107,0.00722505)(0.195306,0.018311)(-0.0136537,0.355152)(0.29237,0.00637499)(-0.118261,0.00539144)(-0.328748,0.201609)(-0.229205,-0.0307909)(-0.0582354,-0.0534756)(-0.205036,0.290082)(0.0101603,-0.100581)(-0.0674961,-0.333117)(0.147415,-0.242723)(-0.337594,0)

(-0.0425507,0)(-0.248142,-0.0852655)(0.177361,-0.110052)(0.0559442,0.119085)(-0.195178,0.291765)(-0.249039,0.189455)(-0.463769,-0.055933)(-0.12592,-0.11382)(-0.0096145,0.0825395)(0.0237373,-0.203751)(-0.0936183,0.0662064)(-0.160279,-0.0363413)(0.051543,-0.280781)(-0.109413,-0.0492735)(0.0695008,0.190617)(0.0574463,0.456652)
(-0.248142,0.0852655)(0.0396851,0)(-0.065486,0.0645301)(-0.0870099,0.184134)(0.137224,-0.0556623)(-0.00764859,-0.221334)(-0.0902013,-0.250437)(0.173125,0.164497)(-0.00176049,0.240019)(-0.156968,0.0938003)(0.0362918,0.0444521)(0.164302,-0.0566834)(0.0128686,0.224606)(0.0950645,0.0658583)(-0.230522,-0.188732)(-0.12543,0.157526)
(0.177361,0.110052)(-0.065486,-0.0645301)(0.167403,0)(-0.084433,-0.147955)(-0.151226,0.257409)(-0.0587012,-0.11798)(-0.289715,-0.181017)(0.128529,0.117527)(0.0702912,0.0460638)(-0.0492689,0.0900531)(0.0418357,-0.01495)(-0.0711435,-0.00275947)(-0.108095,-0.311346)(-0.0236486,-0.0442072)(0.0897919,-0.145925)(0.0920197,-0.111333)
(0.0559442,-0.119085)(-0.0870099,-0.184134)(-0.084433,0.147955)(0.0879715,0)(-0.0870629,0.0959603)(0.18603,-0.068742)(0.10327,0.117268)(0.177183,-0.036961)(0.499785,0.192329)(-0.214932,-0.161212)(-0.0582412,-0.149361)(-0.338166,0.069313)(-0.0748212,0.0869399)(0.23886,0.122228)(0.268435,-0.111019)(0.408477,0.0849876)
(-0.195178,-0.291765)(0.137224,0.0556623)(-0.151226,-0.257409)(-0.0870629,-0.0959603)(0.21183,0)(0.177877,0.265234)(-0.099412,0.0466227)(0.0898582,0.0180668)(-0.178808,-0.085388)(0.0678781,0.0227002)(0.0682765,0.139316)(0.301892,0.107765)(0.069729,0.0841987)(0.115997,-0.123515)(-0.052154,-0.225135)(-0.0155821,0.0214414)
(-0.249039,-0.189455)(-0.00764859,0.221334)(-0.0587012,0.11798)(0.18603,0.068742)(0.177877,-0.265234)(-0.405227,0)(0.202618,-0.26888)(-0.0739257,-0.00373177)(-0.0121117,0.191774)(0.118614,0.0906643)(0.106505,-0.260129)(-0.283646,-0.045265)(0.17604,-0.051236)(-0.0378168,-0.131691)(-0.145275,0.0533388)(0.283365,0.0806722)
(-0.463769,0.055933)(-0.0902013,0.250437)(-0.289715,0.181017)(0.10327,-0.117268)(-0.099412,-0.0466227)(0.202618,0.26888)(0.013255,0)(0.0653013,0.0678381)(-0.354948,-0.145748)(-0.0911739,-0.187815)(-0.107774,0.0858003)(-0.145371,-0.0387267)(-0.0248971,-0.0267899)(0.370409,-0.123063)(-0.444754,-0.265018)(0.00340912,-0.101912)
(-0.12592,0.11382)(0.173125,-0.164497)(0.128529,-0.117527)(0.177183,0.036961)(0.0898582,-0.0180668)(-0.0739257,0.00373177)(0.0653013,-0.0678381)(-0.0837878,0)(0.181032,0.102331)(-0.0372951,0.176594)(0.203284,-0.0351666)(0.348235,0.0218132)(0.157616,-0.144462)(-0.294076,0.0113914)(0.0528377,0.145238)(0.00425671,0.222886)
(-0.0096145,-0.0825395)(-0.00176049,-0.240019)(0.0702912,-0.0460638)(0.499785,-0.192329)(-0.178808,0.085388)(-0.0121117,-0.191774)(-0.354948,0.145748)(0.181032,-0.102331)(-0.057469,0)(0.0817524,0.0146058)(-0.228438,0.151826)(0.267686,0.0647173)(0.130631,0.0886362)(-0.239613,-0.00658545)(-0.173806,-0.333075)(-0.233733,0.0071803)
(0.0237373,0.203751)(-0.156968,-0.0938003)(-0.0492689,-0.0900531)(-0.214932,0.161212)(0.0678781,-0.0227002)(0.118614,-0.0906643)(-0.0911739,0.187815)(-0.0372951,-0.176594)(0.0817524,-0.0146058)(0.0967453,0)(-0.0800131,-0.108071)(-0.0733068,0.285524)(0.25114,0.0581176)(0.00224897,0.0176863)(-0.132942,0.101067)(-0.187082,0.210976)
(-0.0936183,-0.0662064)(0.0362918,-0.0444521)(0.0418357,0.01495)(-0.0582412,0.149361)(0.0682765,-0.139316)(0.106505,0.260129)(-0.107774,-0.0858003)(0.203284,0.0351666)(-0.228438,-0.151826)(-0.0800131,0.108071)(-0.544973,0)(-0.0523391,0.0356609)(0.0161862,0.0320242)(0.201419,-0.0847411)(0.0129684,0.160002)(-0.0219548,-0.296588)
(-0.160279,0.0363413)(0.164302,0.0566834)(-0.0711435,0.00275947)(-0.338166,-0.069313)(0.301892,-0.107765)(-0.283646,0.045265)(-0.145371,0.0387267)(0.348235,-0.0218132)(0.267686,-0.0647173)(-0.0733068,-0.285524)(-0.0523391,-0.0356609)(0.216259,0)(0.0571222,-0.091306)(0.250932,0.12968)(-0.182772,0.0305742)(0.00498088,0.0708106)
(0.051543,0.280781)(0.0128686,-0.224606)(-0.108095,0.311346)(-0.0748212,-0.0869399)(0.069729,-0.0841987)(0.17604,0.051236)(-0.0248971,0.0267899)(0.157616,0.144462)(0.130631,-0.0886362)(0.25114,-0.0581176)(0.0161862,-0.0320242)(0.0571222,0.091306)(0.272253,0)(-0.127665,-0.115152)(0.0301896,-0.0817646)(-0.0162629,0.0513396)
(-0.109413,0.0492735)(0.0950645,-0.0658583)(-0.0236486,0.0442072)(0.23886,-0.122228)(0.115997,0.123515)(-0.0378168,0.131691)(0.370409,0.123063)(-0.294076,-0.0113914)(-0.239613,0.00658545)(0.00224897,-0.0176863)(0.201419,0.0847411)(0.250932,-0.12968)(-0.127665,0.115152)(0.0958379,0)(0.171976,0.224713)(-0.0609513,-0.210201)
(0.0695008,-0.190617)(-0.230522,0.188732)(0.0897919,0.145925)(0.268435,0.111019)(-0.052154,0.225135)(-0.145275,-0.0533388)(-0.444754,0.265018)(0.0528377,-0.145238)(-0.173806,0.333075)(-0.132942,-0.101067)(0.0129684,-0.160002)(-0.182772,-0.0305742)(0.0301896,0.0817646)(0.171976,-0.224713)(0.134397,0)(0.178265,-0.0581555)
(0.0574463,-0.456652)(-0.12543,-0.157526)(0.0920197,0.111333)(0.408477,-0.0849876)(-0.0155821,-0.0214414)(0.283365,-0.0806722)(0.00340912,0.101912)(0.00425671,-0.222886)(-0.233733,-0.0071803)(-0.187082,-0.210976)(-0.0219548,0.296588)(0.00498088,-0.0708106)(-0.0162629,-0.0513396)(-0.0609513,0.210201)(0.178265,0.0581555)(-0.201629,0)

(-0.130281,0)(-0.0335109,0.20154)(-0.0255934,0.065985)(0.0887357,0.121294)(0.172837,0.228121)(0.0159044,-0.18143)(-0.38037,-0.383427)(-0.0125778,0.0688488)(-0.185416,0.0489788)(0.359044,-0.0925265)(-0.150955,-0.101052)(0.369652,0.0549694)(0.173905,0.0712581)(0.154465,0.397079)(0.093263,0.183113)(-0.00841751,-0.0515413)
(-0.0335109,-0.20154)(0.0968084,0)(-0.453042,-0.220122)(-0.0590807,-0.0702204)(-0.0183084,0.0885611)(-0.152108,0.236395)(0.290538,-0.284723)(-0.00179217,0.382187)(-0.087821,-0.0176289)(-0.0145437,-0.129797)(-0.109948,0.0409315)(0.0359414,-0.189833)(0.231814,-0.0934607)(0.21462,0.0711827)(0.0594853,-0.111623)(0.0848526,0.193321)
(-0.0255934,-0.065985)(-0.453042,0.220122)(0.128659,0)(-0.0785326,-0.223982)(-0.0949569,0.308195)(0.491977,0.345885)(-0.42048,-0.115393)(-0.0925313,0.488018)(0.0773567,-0.263008)(-0.102763,-0.103307)(0.258758,0.0149973)(0.0863565,0.110641)(-0.0783209,-0.0459344)(0.0172941,-0.149312)(0.250994,0.148623)(0.14087,-0.0053657)
(0.0887357,-0.121294)(-0.0590807,0.0702204)(-0.0785326,0.223982)(0.190705,0)(-0.135894,-0.158986)(-0.0563478,0.193567)(0.382936,0.36074)(0.0289553,-0.113736)(-0.146793,-0.304831)(0.164131,-0.108528)(0.0697578,0.0549364)(-0.051888,-0.0292904)(-0.0990772,-0.277074)(0.0340359,0.140202)(0.0346006,0.19431)(-0.0936297,0.0290628)
(0.172837,-0.228121)(-0.0183084,-0.0885611)(-0.0949569,-0.308195)(-0.135894,0.158986)(0.0586456,0)(0.0462179,-0.0384253)(0.0382094,0.144559)(-0.0785647,0.0188108)(0.289931,-0.0268811)(0.283214,0.0153087)(-0.139472,0.0784861)(0.0846166,-0.202923)(0.170975,-0.125754)(-0.0445838,-0.321178)(-0.00493734,0.0726461)(0.183376,0.205889)
(0.0159044,0.18143)(-0.152108,-0.236395)(0.491977,-0.345885)(-0.0563478,-0.193567)(0.0462179,0.0384253)(-0.264688,0)(-0.034176,-0.120418)(0.101614,0.0101132)(-0.168449,0.0955663)(-0.090139,0.147523)(-0.216848,-0.0643413)(0.13,-0.119439)(-0.123349,0.0672285)(0.105064,-0.0875874)(-0.043811,0.147118)(0.153366,0.0635728)
(-0.38037,0.383427)(0.290538,0.284723)(-0.42048,0.115393)(0.382936,-0.36074)(0.0382094,-0.144559)(-0.034176,0.120418)(-0.483305,0)(0.0885994,-0.191379)(0.031887,0.130497)(-0.0229206,-0.154008)(-0.0781423,-0.054109)(-0.123059,-0.194973)(-0.03547,0.32572)(0.319482,0.0455594)(-0.0430748,0.0601103)(0.102314,0.0236608)
(-0.0125778,-0.0688488)(-0.00179217,-0.382187)(-0.0925313,-0.488018)(0.0289553,0.113736)(-0.0785647,-0.0188108)(0.101614,-0.0101132)(0.0885994,0.191379)(0.15947,0)(0.0794352,0.129052)(0.243644,-0.18773)(0.112703,-0.16754)(-0.107563,-0.0571742)(0.0817161,0.224264)(-0.153242,-0.174714)(-0.0250398,-0.0971079)(0.138681,0.139245)
(-0.185416,-0.0489788)(-0.087821,0.0176289)(0.0773567,0.263008)(-0.146793,0.304831)(0.289931,0.0268811)(-0.168449,-0.0955663)(0.031887,-0.130497)(0.0794352,-0.129052)(-0.198679,0)(-0.122972,0.0463391)(-0.0272404,-0.225283)(-0.0262428,0.229524)(0.0711768,0.0780613)(0.14207,0.0370856)(0.0843931,-0.0822954)(-0.0907852,0.0553649)
(0.359044,0.0925265)(-0.0145437,0.129797)(-0.102763,0.103307)(0.164131,0.108528)(0.283214,-0.0153087)(-0.090139,-0.147523)(-0.0229206,0.154008)(0.243644,0.18773)(-0.122972,-0.0463391)(0.313941,0)(-0.329414,-0.0672355)(-0.16214,-0.235464)(0.028425,-0.481475)(-0.212788,0.0356212)(0.287862,0.22644)(-0.0504974,-0.101212)
(-0.150955,0.101052)(-0.109948,-0.0409315)(0.258758,-0.0149973)(0.0697578,-0.0549364)(-0.139472,-0.0784861)(-0.216848,0.0643413)(-0.0781423,0.054109)(0.112703,0.16754)(-0.0272404,0.225283)(-0.329414,0.0672355)(0.136305,0)(-0.137955,-0.188715)(0.20917,0.13027)(-0.186718,-0.0576834)(0.0839695,0.099617)(-0.229155,-0.0128339)
(0.369652,-0.0549694)(0.0359414,0.189833)(0.0863565,-0.110641)(-0.051888,0.0292904)(0.0846166,0.202923)(0.13,0.119439)(-0.123059,0.194973)(-0.107563,0.0571742)(-0.0262428,-0.229524)(-0.16214,0.235464)(-0.137955,0.188715)(0.230347,0)(0.00401811,0.314515)(-0.210108,-0.0236273)(0.0627442,-0.26953)(0.0988059,-0.122443)
(0.173905,-0.0712581)(0.231814,0.0934607)(-0.0783209,0.0459344)(-0.0990772,0.277074)(0.170975,0.125754)(-0.123349,-0.0672285)(-0.03547,-0.32572)(0.0817161,-0.224264)(0.0711768,-0.0780613)(0.028425,0.481475)(0.20917,-0.13027)(0.00401811,-0.314515)(0.339295,0)(0.255005,-0.113561)(0.132598,-0.305135)(0.10996,0.38415)
(0.154465,-0.397079)(0.21462,-0.0711827)(0.0172941,0.149312)(0.0340359,-0.140202)(-0.0445838,0.321178)(0.105064,0.0875874)(0.319482,-0.0455594)(-0.153242,0.174714)(0.14207,-0.0370856)(-0.212788,-0.0356212)(-0.186718,0.0576834)(-0.210108,0.0236273)(0.255005,0.113561)(-0.378694,0)(0.00568586,0.0601561)(0.175387,0.0293591)
(0.093263,-0.183113)(0.0594853,0.111623)(0.250994,-0.148623)(0.0346006,-0.19431)(-0.00493734,-0.0726461)(-0.043811,-0.147118)(-0.0430748,-0.0601103)(-0.0250398,0.0971079)(0.0843931,0.0822954)(0.287862,-0.22644)(0.0839695,-0.099617)(0.0627442,0.26953)(0.132598,0.305135)(0.00568586,-0.0601561)(-0.0796948,0)(-0.11439,-0.00352634)
(-0.00841751,0.0515413)(0.0848526,-0.193321)(0.14087,0.0053657)(-0.0936297,-0.0290628)(0.183376,-0.205889)(0.153366,-0.0635728)(0.102314,-0.0236608)(0.138681,-0.139245)(-0.0907852,-0.0553649)(-0.0504974,0.101212)(-0.229155,0.0128339)(0.0988059,0.122443)(0.10996,-0.38415)(0.175387,-0.0293591)(-0.11439,0.00352634)(-0.118832,0)

(-0.197145,0)(-0.144408,-0.436863)(-0.152315,-0.01413)(0.211584,0.0544977)(0.170992,0.0272459)(-0.0503375,-0.135073)(-0.168389,0.196604)(-0.243974,0.00578495)(-0.248713,-0.0840104)(-0.164735,-0.0782104)(0.166974,0.10889)(-0.216315,-0.194286)(-0.128665,-0.0857996)(0.0453327,0.0352568)(0.285655,-0.0309745)(0.0101292,-0.153944)
(-0.144408,0.436863)(-0.116043,0)(-0.0287454,0.0984161)(-0.00768449,-0.227686)(-0.0170675,-0.0817613)(-0.197767,-0.161725)(-0.0711002,0.356203)(0.102865,-0.127024)(0.36179,0.281106)(-0.0912383,0.271773)(0.0558285,-0.147497)(0.0191255,-0.112253)(-0.182639,-0.00898589)(0.306066,0.0137737)(-0.363766,0.306636)(0.0158526,-0.135824)
(-0.152315,0.01413)(-0.0287454,-0.0984161)(0.35416,0)(-0.182651,0.404927)(0.105608,-0.180655)(0.166126,0.127974)(-0.248807,-0.171124)(0.304488,0.16784)(-0.265861,-0.202562)(-0.0875641,-0.257642)(0.0705227,-0.0418412)(0.0088354,-0.13988)(-0.101732,-0.199602)(0.235011,-0.0240884)(-0.133613,-0.0338975)(-0.198639,-0.179129)
(0.211584,-0.0544977)(-0.00768449,0.227686)(-0.182651,-0.404927)(-0.568037,0)(-0.146554,-0.138614)(0.241928,-0.01561)(0.0304624,-0.0927125)(0.0149918,-0.0113405)(-0.0952048,-0.109011)(0.228978,-0.00578351)(0.140718,-0.129512)(0.122475,-0.313447)(-0.0219967,0.0379644)(-0.0519779,-0.207232)(-0.0897773,0.00631907)(0.158523,-0.128353)
(0.170992,-0.0272459)(-0.0170675,0.0817613)(0.105608,0.180655)(-0.146554,0.138614)(-0.192738,0)(0.126971,-0.383254)(-0.224967,-0.285895)(0.108329,0.0205719)(-0.138093,0.244089)(-0.104783,-0.134315)(0.191846,0.0959952)(-0.0939822,-0.309233)(-0.145943,-0.0707408)(0.0266634,0.0292465)(-0.14625,-0.105119)(0.0311292,-0.0224818)
(-0.0503375,0.135073)(-0.197767,0.161725)(0.166126,-0.127974)(0.241928,0.01561)(0.126971,0.383254)(-0.269541,0)(-0.120228,0.113941)(-0.151457,0.201224)(0.105697,-0.114496)(0.0727721,0.104586)(0.313416,-0.0996763)(0.334549,0.0539096)(0.249019,-0.0820091)(0.0441107,0.0547735)(-0.00108887,-0.419731)(0.123549,0.41705)
(-0.168389,-0.196604)(-0.0711002,-0.356203)(-0.248807,0.171124)(0.0304624,0.0927125)(-0.224967,0.285895)(-0.120228,-0.113941)(0.360425,0)(-0.120166,0.154692)(-0.17271,-0.297313)(-0.0724789,-0.00322276)(-0.300612,0.0858924)(-0.0667976,0.153339)(0.20615,0.00324865)(-0.376737,0.175557)(0.0257613,0.259593)(0.149999,0.213409)
(-0.243974,-0.00578495)(0.102865,0.127024)(0.304488,-0.16784)(0.0149918,0.0113405)(0.108329,-0.0205719)(-0.151457,-0.201224)(-0.120166,-0.154692)(0.0484714,0)(0.153537,-0.123377)(0.249582,0.0214275)(-0.0695136,-0.224324)(-0.0180962,0.110502)(-0.0812894,0.0228319)(-0.133894,0.143446)(0.0901393,-0.201515)(-0.0189183,-0.32466)
(-0.248713,0.0840104)(0.36179,-0.281106)(-0.265861,0.202562)(-0.0952048,0.109011)(-0.138093,-0.244089)(0.105697,0.114496)(-0.17271,0.297313)(0.153537,0.123377)(0.402053,0)(0.133687,-0.133318)(0.292908,-0.0783634)(-0.0714647,0.117356)(-0.367374,0.0736339)(0.184642,-0.00860747)(0.0557282,0.287665)(0.167498,-0.133343)
(-0.164735,0.0782104)(-0.0912383,-0.271773)(-0.0875641,0.257642)(0.228978,0.00578351)(-0.104783,0.134315)(0.0727721,-0.104586)(-0.0724789,0.00322276)(0.249582,-0.0214275)(0.133687,0.133318)(-0.00314937,0)(0.158067,0.0848101)(0.0251147,0.301869)(-0.313138,0.209155)(0.0208759,0.04456)(0.354434,-0.190994)(0.0985724,-0.279155)
(0.166974,-0.10889)(0.0558285,0.147497)(0.0705227,0.0418412)(0.140718,0.129512)(0.191846,-0.0959952)(0.313416,0.0996763)(-0.300612,-0.0858924)(-0.0695136,0.224324)(0.292908,0.0783634)(0.158067,-0.0848101)(-0.361572,0)(-0.100536,-0.192467)(0.0871601,-0.170228)(0.00253139,-0.0378259)(-0.0483437,0.230411)(0.239489,0.175607)
(-0.216315,0.194286)(0.0191255,0.112253)(0.0088354,0.13988)(0.122475,0.313447)(-0.0939822,0.309233)(0.334549,-0.0539096)(-0.0667976,-0.153339)(-0.0180962,-0.110502)(-0.0714647,-0.117356)(0.0251147,-0.301869)(-0.100536,0.192467)(0.438638,0)(-0.328028,0.244948)(0.103583,-0.0176737)(-0.303182,-0.129173)(-0.0471285,0.0836907)
(-0.128665,0.0857996)(-0.182639,0.00898589)(-0.101732,0.199602)(-0.0219967,-0.0379644)(-0.145943,0.0707408)(0.249019,0.0820091)(0.20615,-0.00324865)(-0.0812894,-0.0228319)(-0.367374,-0.0736339)(-0.313138,-0.209155)(0.0871601,0.170228)(-0.328028,-0.244948)(-0.0188587,0)(0.144124,0.0455468)(0.0957227,-0.288675)(-0.16228,-0.344549)
(0.0453327,-0.0352568)(0.306066,-0.0137737)(0.235011,0.0240884)(-0.0519779,0.207232)(0.0266634,-0.0292465)(0.0441107,-0.0547735)(-0.376737,-0.175557)(-0.133894,-0.143446)(0.184642,0.00860747)(0.0208759,-0.04456)(0.00253139,0.0378259)(0.103583,0.0176737)(0.144124,-0.0455468)(0.00420995,0)(-0.189545,-0.170549)(-0.0535127,0.0697408)
(0.285655,0.0309745)(-0.363766,-0.306636)(-0.133613,0.0338975)(-0.0897773,-0.00631907)(-0.14625,0.105119)(-0.00108887,0.419731)(0.0257613,-0.259593)(0.0901393,0.201515)(0.0557282,-0.287665)(0.354434,0.190994)(-0.0483437,-0.230411)(-0.303182,0.129173)(0.0957227,0.288675)(-0.189545,0.170549)(0.172176,0)(-0.22962,0.241934)
(0.0101292,0.153944)(0.0158526,0.135824)(-0.198639,0.179129)(0.158523,0.128353)(0.0311292,0.0224818)(0.123549,-0.41705)(0.149999,-0.213409)(-0.0189183,0.32466)(0.167498,0.133343)(0.0985724,0.279155)(0.239489,-0.175607)(-0.0471285,-0.0836907)(-0.16228,0.344549)(-0.0535127,-0.0697408)(-0.22962,-0.241934)(-0.0530489,0)

(-0.234987,0)(0.230372,-0.0104238)(0.131206,0.177106)(-0.201235,-0.259314)(0.185092,-0.244548)(0.0488355,0.104462)(0.14262,0.0208854)(0.0159806,-0.122172)(-0.0621352,0.229593)(0.0482046,-0.0222737)(0.0425897,0.0138632)(0.11939,-0.034379)(0.173637,0.0846145)(0.025419,-0.278562)(0.130569,0.225162)(-0.0518514,-0.0260126)
(0.230372,0.0104238)(0.101302,0)(-0.0922361,0.0320752)(0.123127,-0.278676)(0.032606,-0.0904146)(0.141286,0.00128545)(0.0575403,-0.0420426)(0.181916,-0.124893)(-0.0614678,0.12726)(0.0633655,0.0630067)(-0.29971,0.180287)(0.154513,-0.0600701)(-0.0201759,0.0836857)(-0.237989,0.249727)(0.0823843,-0.148042)(-0.185643,-0.0724078)
(0.131206,-0.177106)(-0.0922361,-0.0320752)(-0.110244,0)(0.00155878,-0.299915)(-0.386472,0.246561)(-0.0229109,-0.0653575)(-0.101888,0.0268072)(0.0345106,0.484869)(-0.0668519,-0.0262523)(-0.1746,-0.0378169)(-0.104027,0.175472)(0.183144,-0.0184285)(0.041677,0.105238)(0.0431439,0.159875)(0.0709648,-0.0122976)(0.135531,-0.42175)
(-0.201235,0.259314)(0.123127,0.278676)(0.00155878,0.299915)(-0.0654746,0)(-0.10212,-0.0916554)(-0.141713,-0.0672782)(0.158893,0.231625)(-0.302816,-0.0509698)(0.0626086,0.192069)(0.0149372,0.104941)(0.29708,0.276503)(0.00972868,-0.0273458)(-0.0167695,-0.173046)(0.181079,0.0135509)(0.18767,-0.225156)(-0.238849,-0.0415843)
(0.185092,0.244548)(0.032606,0.0904146)(-0.386472,-0.246561)(-0.10212,0.0916554)(0.0763776,0)(0.111375,0.248594)(0.0378583,-0.262283)(-0.0148841,-0.131119)(0.181056,0.184234)(-0.17013,0.110247)(0.0400169,-0.060773)(0.154645,-0.0789694)(-0.0794128,0.106814)(0.010557,0.158033)(0.152629,-0.207577)(0.110678,0.0432806)
(0.0488355,-0.104462)(0.141286,-0.00128545)(-0.0229109,0.0653575)(-0.141713,0.0672782)(0.111375,-0.248594)(-0.0730741,0)(-0.0703242,0.134376)(0.176874,-0.155579)(0.129337,-0.234056)(0.266798,0.0533696)(0.0234404,0.055859)(0.0255721,-0.156334)(0.0128451,0.187536)(-0.342238,-0.138783)(-0.0233759,-0.166852)(-0.0312965,-0.323564)
(0.14262,-0.0208854)(0.0575403,0.0420426)(-0.101888,-0.0268072)(0.158893,-0.231625)(0.0378583,0.262283)(-0.0703242,-0.134376)(0.295824,0)(0.114565,-0.0657955)(0.100383,0.0466534)(-0.0783543,-0.00157013)(0.253221,-0.0817814)(0.016888,0.391841)(-0.229918,-0.0830405)(0.0703127,-0.0384282)(0.279106,-0.0815658)(0.322015,-0.10948)
(0.0159806,0.122172)(0.181916,0.124893)(0.0345106,-0.484869)(-0.302816,0.0509698)(-0.0148841,0.131119)(0.176874,0.155579)(0.114565,0.0657955)(0.0642705,0)(0.0385524,0.00379924)(0.00503732,-0.233673)(-0.0241105,-0.0732441)(-0.144543,-0.144339)(-0.109838,-0.121429)(0.15967,-0.195286)(-0.0689347,-0.173334)(0.123532,-0.0733635)
(-0.0621352,-0.229593)(-0.0614678,-0.12726)(-0.0668519,0.0262523)(0.0626086,-0.192069)(0.181056,-0.184234)(0.129337,0.234056)(0.100383,-0.0466534)(0.0385524,-0.00379924)(-0.264114,0)(-0.0465137,-0.0106624)(-0.296709,-0.0401181)(0.0582911,0.0509668)(-0.0199672,-0.00228714)(0.0270202,-0.406429)(0.0377829,0.0238411)(0.0837807,0.0719476)
(0.0482046,0.0222737)(0.0633655,-0.0630067)(-0.1746,0.0378169)(0.0149372,-0.104941)(-0.17013,-0.110247)(0.266798,-0.0533696)(-0.0783543,0.00157013)(0.00503732,0.233673)(-0.0465137,0.0106624)(0.0733456,0)(-0.215739,0.104465)(-0.290501,-0.307988)(-0.260495,-0.0279347)(-0.00203761,-0.223486)(0.111282,-0.0142512)(-0.437883,0.0985436)
(0.0425897,-0.0138632)(-0.29971,-0.180287)(-0.104027,-0.175472)(0.29708,-0.276503)(0.0400169,0.060773)(0.0234404,-0.055859)(0.253221,0.0817814)(-0.0241105,0.0732441)(-0.296709,0.0401181)(-0.215739,-0.104465)(-0.0717948,0)(0.378022,0.105156)(-0.170567,-0.107671)(-0.0356372,0.199559)(0.206085,0.260982)(0.0274718,-0.302739)
(0.11939,0.034379)(0.154513,0.0600701)(0.183144,0.0184285)(0.00972868,0.0273458)(0.154645,0.0789694)(0.0255721,0.156334)(0.016888,-0.391841)(-0.144543,0.144339)(0.0582911,-0.0509668)(-0.290501,0.307988)(0.378022,-0.105156)(0.0836828,0)(-0.235438,-0.0597279)(0.139908,-0.225488)(-0.12846,0.171737)(-0.0121576,-0.273012)
(0.173637,-0.0846145)(-0.0201759,-0.0836857)(0.041677,-0.105238)(-0.0167695,0.173046)(-0.0794128,-0.106814)(0.0128451,-0.187536)(-0.229918,0.0830405)(-0.109838,0.121429)(-0.0199672,0.00228714)(-0.260495,0.0279347)(-0.170567,0.107671)(-0.235438,0.0597279)(0.0394741,0)(-0.168708,0.087564)(-0.0378524,-0.0883829)(-0.222298,-0.128233)
(0.025419,0.278562)(-0.237989,-0.249727)(0.0431439,-0.159875)(0.181079,-0.0135509)(0.010557,-0.158033)(-0.342238,0.138783)(0.0703127,0.0384282)(0.15967,0.195286)(0.0270202,0.406429)(-0.00203761,0.223486)(-0.0356372,-0.199559)(0.139908,0.225488)(-0.168708,-0.087564)(-0.34111,0)(-0.0152454,0.152918)(0.0860025,0.018948)
(0.130569,-0.225162)(0.0823843,0.148042)(0.0709648,0.0122976)(0.18767,0.225156)(0.152629,0.207577)(-0.0233759,0.166852)(0.279106,0.0815658)(-0.0689347,0.173334)(0.0377829,-0.0238411)(0.111282,0.0142512)(0.206085,-0.260982)(-0.12846,-0.171737)(-0.0378524,0.0883829)(-0.0152454,-0.152918)(0.0345933,0)(-0.0695043,0.1835)
(-0.0518514,0.0260126)(-0.185643,0.0724078)(0.135531,0.42175)(-0.238849,0.0415843)(0.110678,-0.0432806)(-0.0312965,0.323564)(0.322015,0.10948)(0.123532,0.0733635)(0.0837807,-0.0719476)(-0.437883,-0.0985436)(0.0274718,0.302739)(-0.0121576,0.273012)(-0.222298,0.128233)(0.0860025,-0.018948)(-0.0695043,-0.1835)(0.391928,0)

1502.94
