0.288675
(-0.144949,0)(0.0759419,-0.180189)(0.0736304,-0.0334973)(0.0915457,-0.00666353)(0.161831,-0.0924808)(-0.0177692,0.0540092)(-0.105422,-0.126213)(-0.0894895,-0.00916524)(0.0747866,-0.230915)(-0.182152,-0.117502)(-0.0192536,0.0305658)(0.0504858,-0.115474)
(0.0759419,0.180189)(0.203299,0)(0.0940345,-0.138928)(0.147312,-0.0226855)(0.0840201,0.000491087)(-0.0904876,-0.0965745)(-0.0214641,0.0876476)(-0.186073,0.0360505)(-0.150116,0.215972)(-0.131949,0.0242502)(-0.0998736,-0.103351)(-0.0762486,0.0515612)
(0.0736304,0.0334973)(0.0940345,0.138928)(0.115753,0)(-0.0255317,0.152301)(-0.0383093,-0.0204329)(-0.0354848,0.0518636)(0.171397,-0.000246692)(-0.154879,0.162426)(-0.0817006,-0.0236465)(-0.107155,-0.117735)(0.0276129,0.114337)(0.000215961,-0.0220957)
(0.0915457,0.00666353)(0.147312,0.0226855)(-0.0255317,-0.152301)(-0.077407,0)(0.048788,0.00303629)(0.166146,-0.0945283)(-0.020543,-0.0701677)(0.0797736,-0.0296922)(0.010343,0.0397008)(-0.0598178,0.0509732)(-0.00982636,0.0795746)(0.0246359,0.105644)
(0.161831,0.0924808)(0.0840201,-0.000491087)(-0.0383093,0.0204329)(0.048788,-0.00303629)(0.124092,0)(-0.0614965,0.0034466)(-0.113188,-0.0964625)(-0.0397595,-0.0191219)(-0.00523611,-0.138525)(0.0745668,-0.0226789)(0.020107,-0.0953142)(0.0492875,-0.027717)
(-0.0177692,-0.0540092)(-0.0904876,0.0965745)(-0.0354848,-0.0518636)(0.166146,0.0945283)(-0.0614965,-0.0034466)(0.0808013,0)(-0.0748836,0.0236922)(0.0174876,-0.0240493)(-0.0436478,0.0483889)(-0.0206304,0.0266318)(0.0450216,0.099485)(-0.136265,0.0179786)
(-0.105422,0.126213)(-0.0214641,-0.0876476)(0.171397,0.000246692)(-0.020543,0.0701677)(-0.113188,0.0964625)(-0.0748836,-0.0236922)(0.0331326,0)(-0.2136,0.15508)(0.0540087,0.137487)(0.123667,0.0184924)(0.0325039,-0.117516)(0.086266,0.113852)
(-0.0894895,0.00916524)(-0.186073,-0.0360505)(-0.154879,-0.162426)(0.0797736,0.0296922)(-0.0397595,0.0191219)(0.0174876,0.0240493)(-0.2136,-0.15508)(-0.0237893,0)(0.0204265,0.150875)(0.0579673,-0.0294844)(-0.00879447,-0.000682062)(-0.0728916,-0.0589748)
(0.0747866,0.230915)(-0.150116,-0.215972)(-0.0817006,0.0236465)(0.010343,-0.0397008)(-0.00523611,0.138525)(-0.0436478,-0.0483889)(0.0540087,-0.137487)(0.0204265,-0.150875)(-0.263385,0)(0.0402369,0.133294)(0.0212138,0.0502058)(-0.00179671,-0.163943)
(-0.182152,0.117502)(-0.131949,-0.0242502)(-0.107155,0.117735)(-0.0598178,-0.0509732)(0.0745668,0.0226789)(-0.0206304,-0.0266318)(0.123667,-0.0184924)(0.0579673,0.0294844)(0.0402369,-0.133294)(-0.0750464,0)(-0.140637,0.00868181)(0.0483874,-0.0263199)
(-0.0192536,-0.0305658)(-0.0998736,0.103351)(0.0276129,-0.114337)(-0.00982636,-0.0795746)(0.020107,0.0953142)(0.0450216,-0.099485)(0.0325039,0.117516)(-0.00879447,0.000682062)(0.0212138,-0.0502058)(-0.140637,-0.00868181)(-0.097384,0)(0.154371,-0.0328898)
(0.0504858,0.115474)(-0.0762486,-0.0515612)(0.000215961,0.0220957)(0.0246359,-0.105644)(0.0492875,0.027717)(-0.136265,-0.0179786)(0.086266,-0.113852)(-0.0728916,0.0589748)(-0.00179671,0.163943)(0.0483874,0.0263199)(0.154371,0.0328898)(0.124882,0)

(-0.162713,0)(0.0862177,0.0139181)(0.00409593,-0.0407719)(0.103744,0.015522)(-0.000945847,-0.0655578)(-0.00150949,0.128593)(0.0198602,-0.100751)(0.138572,-0.00852999)(0.0229902,-0.0563996)(-0.114444,-0.0429472)(0.089935,-0.0873953)(-0.059926,-0.0299272)
(0.0862177,-0.0139181)(0.0328274,0)(-0.0306623,-0.0968904)(0.0344394,-0.0705994)(0.166504,0.0478314)(-0.152994,-0.0976202)(0.162173,-0.00894086)(0.0227072,0.0542087)(-0.0225738,-0.0529091)(-0.0508863,-0.088725)(0.150238,-0.00458865)(-0.192465,-0.0671293)
(0.00409593,0.0407719)(-0.0306623,0.0968904)(0.00476005,0)(0.146615,-0.0918027)(-0.00649426,0.192644)(-0.0437844,-0.124757)(0.0733694,0.043918)(0.0877646,-0.0836474)(0.13451,0.0840414)(-0.0767457,0.0863006)(-0.0233878,0.0157052)(-0.3068,0.0668964)
(0.103744,-0.015522)(0.0344394,0.0705994)(0.146615,0.0918027)(0.0537652,0)(-0.0690701,0.0922611)(0.0501101,-0.0424157)(0.126882,-0.0318019)(0.152241,0.205839)(0.0298433,0.0213552)(-0.0777583,0.100622)(-0.0324891,1.29449e-005)(0.051623,-0.0784493)
(-0.000945847,0.0655578)(0.166504,-0.0478314)(-0.00649426,-0.192644)(-0.0690701,-0.0922611)(0.0710218,0)(0.0979844,0.0925551)(-0.0369993,0.164533)(-0.0964633,-0.0864111)(0.115368,0.103209)(-0.0914813,0.135051)(0.0192251,0.162135)(0.0992001,-0.108949)
(-0.00150949,-0.128593)(-0.152994,0.0976202)(-0.0437844,0.124757)(0.0501101,0.0424157)(0.0979844,-0.0925551)(0.0616521,0)(-0.0305656,0.0679148)(0.103692,0.0925277)(0.0578637,-0.0885749)(0.113458,0.053459)(0.035271,-0.0363049)(0.00708647,-0.0745661)
(0.0198602,0.100751)(0.162173,0.00894086)(0.0733694,-0.043918)(0.126882,0.0318019)(-0.0369993,-0.164533)(-0.0305656,-0.0679148)(-0.00242118,0)(0.0201361,-0.225187)(-0.0769584,0.111305)(0.0999711,0.18054)(-0.119518,0.158334)(-0.034436,-0.0382591)
(0.138572,0.00852999)(0.0227072,-0.0542087)(0.0877646,0.0836474)(0.152241,-0.205839)(-0.0964633,0.0864111)(0.103692,-0.0925277)(0.0201361,0.225187)(-0.241055,0)(-0.285726,-0.0013365)(0.0298613,0.0507172)(0.12086,-0.170572)(-0.126859,-0.0643634)
(0.0229902,0.0563996)(-0.0225738,0.0529091)(0.13451,-0.0840414)(0.0298433,-0.0213552)(0.115368,-0.103209)(0.0578637,0.0885749)(-0.0769584,-0.111305)(-0.285726,0.0013365)(0.0194462,0)(-0.0890998,0.0653535)(0.13194,-0.202859)(-0.0277371,-0.0126363)
(-0.114444,0.0429472)(-0.0508863,0.088725)(-0.0767457,-0.0863006)(-0.0777583,-0.100622)(-0.0914813,-0.135051)(0.113458,-0.053459)(0.0999711,-0.18054)(0.0298613,-0.0507172)(-0.0890998,-0.0653535)(0.015287,0)(0.0594281,0.102124)(-0.061754,0.0816686)
(0.089935,0.0873953)(0.150238,0.00458865)(-0.0233878,-0.0157052)(-0.0324891,-1.29449e-005)(0.0192251,-0.162135)(0.035271,0.0363049)(-0.119518,-0.158334)(0.12086,0.170572)(0.13194,0.202859)(0.0594281,-0.102124)(0.126923,0)(-0.0871924,0.0936764)
(-0.059926,0.0299272)(-0.192465,0.0671293)(-0.3068,-0.0668964)(0.051623,0.0784493)(0.0992001,0.108949)(0.00708647,0.0745661)(-0.034436,0.0382591)(-0.126859,0.0643634)(-0.0277371,0.0126363)(-0.061754,-0.0816686)(-0.0871924,-0.0936764)(0.0205069,0)

(0.159011,0)(-0.0611749,-0.0345995)(-0.00282937,0.0176971)(-0.0723885,0.0843335)(0.0930215,-0.00225752)(-0.0660267,0.020454)(0.0322429,0.0537036)(-0.0250991,0.0161774)(-0.0812831,0.201876)(0.0519985,-0.0957619)(-0.0371473,-0.114767)(-0.0167184,0.194989)
(-0.0611749,0.0345995)(0.0396851,0)(-0.00862672,-0.188212)(0.251152,0.00506501)(-0.11949,-0.0729761)(-0.143988,-0.0479089)(-0.0158268,-0.0891712)(0.0332351,-0.0952858)(-0.0677798,-0.150155)(-0.0610646,-0.00066972)(-0.122624,-0.00103024)(0.0862223,0.00536959)
(-0.00282937,-0.0176971)(-0.00862672,0.188212)(0.113979,0)(0.0864189,0.155756)(-0.0159654,-0.228731)(-0.111274,-0.103207)(-0.144848,-0.162862)(0.00754591,-0.129167)(-0.0144514,-0.0916095)(-0.0699897,-0.0636082)(0.0374406,0.123974)(0.0775236,0.0294836)
(-0.0723885,-0.0843335)(0.251152,-0.00506501)(0.0864189,-0.155756)(-0.284999,0)(-0.203009,0.0909869)(0.0948955,0.138095)(-0.0171635,-0.0037696)(0.237978,0.0379854)(-0.0474886,0.0633739)(0.125433,0.0687788)(0.00489073,0.13355)(-0.00453962,-0.00948182)
(0.0930215,0.00225752)(-0.11949,0.0729761)(-0.0159654,0.228731)(-0.203009,-0.0909869)(-0.118952,0)(0.0763315,-0.00633866)(-0.0386271,0.18202)(0.160376,-0.200411)(0.0630915,0.01916)(-0.0748179,0.220908)(-0.0325204,0.0678844)(-0.0576246,0.0539117)
(-0.0660267,-0.020454)(-0.143988,0.0479089)(-0.111274,0.103207)(0.0948955,-0.138095)(0.0763315,0.00633866)(0.316267,0)(-0.0533107,-0.092562)(-0.128447,0.0205468)(-0.0360271,0.0242248)(-0.0868836,0.0732029)(0.0238819,0.107041)(-0.0510977,0.0834791)
(0.0322429,-0.0537036)(-0.0158268,0.0891712)(-0.144848,0.162862)(-0.0171635,0.0037696)(-0.0386271,-0.18202)(-0.0533107,0.092562)(-0.116229,0)(-0.214787,-0.0301958)(0.136439,0.111007)(-0.0646565,0.0854583)(0.0245224,0.0435468)(-0.0762129,-0.0162627)
(-0.0250991,-0.0161774)(0.0332351,0.0952858)(0.00754591,0.129167)(0.237978,-0.0379854)(0.160376,0.200411)(-0.128447,-0.0205468)(-0.214787,0.0301958)(-0.0123586,0)(0.0997537,0.276358)(-0.126714,-0.0865688)(0.0448923,0.132804)(0.00105658,0.0372647)
(-0.0812831,-0.201876)(-0.0677798,0.150155)(-0.0144514,0.0916095)(-0.0474886,-0.0633739)(0.0630915,-0.01916)(-0.0360271,-0.0242248)(0.136439,-0.111007)(0.0997537,-0.276358)(-0.101939,0)(0.0772481,0.00640429)(-0.259033,-0.0747265)(-0.138651,0.160824)
(0.0519985,0.0957619)(-0.0610646,0.00066972)(-0.0699897,0.0636082)(0.125433,-0.0687788)(-0.0748179,-0.220908)(-0.0868836,-0.0732029)(-0.0646565,-0.0854583)(-0.126714,0.0865688)(0.0772481,-0.00640429)(-0.0375729,0)(0.0708873,-0.0610174)(-0.119767,-0.0519244)
(-0.0371473,0.114767)(-0.122624,0.00103024)(0.0374406,-0.123974)(0.00489073,-0.13355)(-0.0325204,-0.0678844)(0.0238819,-0.107041)(0.0245224,-0.0435468)(0.0448923,-0.132804)(-0.259033,0.0747265)(0.0708873,0.0610174)(0.0663743,0)(0.0280539,0.195784)
(-0.0167184,-0.194989)(0.0862223,-0.00536959)(0.0775236,-0.0294836)(-0.00453962,0.00948182)(-0.0576246,-0.0539117)(-0.0510977,-0.0834791)(-0.0762129,0.0162627)(0.00105658,-0.0372647)(-0.138651,-0.160824)(-0.119767,0.0519244)(0.0280539,-0.195784)(-0.0232651,0)

(0.0536039,0)(0.11061,-0.0616633)(0.107771,0.087637)(0.0646348,-0.12356)(0.0705055,-0.136777)(0.0537618,-0.0144636)(-0.0583302,-0.10361)(-0.0509201,0.0209832)(0.0419434,0.019266)(0.0335354,-0.0625723)(0.089501,-0.0846869)(-0.0811911,0.152633)
(0.11061,0.0616633)(-0.0419301,0)(-0.143985,0.134732)(0.0300424,0.0454482)(0.120744,0.115372)(-0.0214104,0.0124722)(0.0417842,-0.138488)(0.00708811,0.134329)(-0.0492629,0.0405664)(0.0407057,-0.0980369)(-0.306194,-0.0564507)(-0.010433,-0.0297577)
(0.107771,-0.087637)(-0.143985,-0.134732)(-0.0810119,0)(0.0627538,-0.00903764)(-0.0279673,-0.10414)(-0.114158,0.091132)(0.0484839,0.261159)(-0.080305,-0.0690072)(0.0602749,0.0929086)(-0.037747,0.0651897)(-0.0742828,-0.0581592)(-0.0346994,0.225584)
(0.0646348,0.12356)(0.0300424,-0.0454482)(0.0627538,0.00903764)(0.0829514,0)(-0.0287066,0.0253493)(0.0715799,-0.0542518)(0.186772,-0.0392988)(-0.0942159,-0.112601)(-0.0479534,-0.086872)(0.00588858,0.0121388)(-0.125688,0.0385183)(0.118139,0.331035)
(0.0705055,0.136777)(0.120744,-0.115372)(-0.0279673,0.10414)(-0.0287066,-0.0253493)(-0.0689446,0)(0.0381594,0.0278667)(0.0413337,-0.0750327)(-0.0310277,-0.0286664)(-0.175968,0.179707)(0.12731,0.0276909)(-0.126943,0.158776)(-0.0922802,0.069835)
(0.0537618,0.0144636)(-0.0214104,-0.0124722)(-0.114158,-0.091132)(0.0715799,0.0542518)(0.0381594,-0.0278667)(0.324478,0)(0.0663427,-0.143721)(-0.0127047,-0.0343244)(0.0531846,-0.172024)(0.155382,0.0629024)(-0.0693145,0.196174)(-0.0710898,0.184043)
(-0.0583302,0.10361)(0.0417842,0.138488)(0.0484839,-0.261159)(0.186772,0.0392988)(0.0413337,0.0750327)(0.0663427,0.143721)(-0.157635,0)(-0.101636,-0.0322748)(0.000529815,-0.159478)(0.0617764,-0.0499395)(-0.0305995,0.130858)(-0.173722,0.0267572)
(-0.0509201,-0.0209832)(0.00708811,-0.134329)(-0.080305,0.0690072)(-0.0942159,0.112601)(-0.0310277,0.0286664)(-0.0127047,0.0343244)(-0.101636,0.0322748)(0.222196,0)(-0.109772,0.0895735)(0.0808157,-0.028864)(0.0545351,0.045817)(0.0599683,0.0148801)
(0.0419434,-0.019266)(-0.0492629,-0.0405664)(0.0602749,-0.0929086)(-0.0479534,0.086872)(-0.175968,-0.179707)(0.0531846,0.172024)(0.000529815,0.159478)(-0.109772,-0.0895735)(-0.00487274,0)(-0.0599075,-0.0140003)(-0.0785526,-0.0802361)(0.0887122,0.0124922)
(0.0335354,0.0625723)(0.0407057,0.0980369)(-0.037747,-0.0651897)(0.00588858,-0.0121388)(0.12731,-0.0276909)(0.155382,-0.0629024)(0.0617764,0.0499395)(0.0808157,0.028864)(-0.0599075,0.0140003)(0.0728657,0)(-0.345394,0.0670921)(0.0336778,0.0655033)
(0.089501,0.0846869)(-0.306194,0.0564507)(-0.0742828,0.0581592)(-0.125688,-0.0385183)(-0.126943,-0.158776)(-0.0693145,-0.196174)(-0.0305995,-0.130858)(0.0545351,-0.045817)(-0.0785526,0.0802361)(-0.345394,-0.0670921)(-0.14964,0)(-0.247497,-0.208917)
(-0.0811911,-0.152633)(-0.010433,0.0297577)(-0.0346994,-0.225584)(0.118139,-0.331035)(-0.0922802,-0.069835)(-0.0710898,-0.184043)(-0.173722,-0.0267572)(0.0599683,-0.0148801)(0.0887122,-0.0124922)(0.0336778,-0.0655033)(-0.247497,0.208917)(-0.252062,0)

(0.202149,0)(0.00375777,-0.0402522)(-0.105246,0.00094585)(-0.0177771,0.0895514)(-0.0147138,0.0944)(0.129092,-0.14736)(-0.0519057,-0.0280689)(0.0412629,-0.215044)(-0.0163533,0.061409)(-0.106005,-0.0837101)(0.0994608,-0.0726117)(-0.0156656,-0.202555)
(0.00375777,0.0402522)(0.241702,0)(-0.0769478,-0.00355229)(0.0644008,-0.0337821)(-0.091131,0.0652755)(-0.0814736,-0.0576263)(0.115942,-0.119312)(0.0499961,-0.0115067)(-0.00671371,0.145714)(-0.303709,-0.17209)(-0.0651859,-0.165859)(-0.139141,-0.064983)
(-0.105246,-0.00094585)(-0.0769478,0.00355229)(0.062072,0)(0.181554,0.0650692)(-0.162836,-0.182871)(-0.0173639,-0.0822276)(0.0194091,0.0708292)(0.164135,-0.0328207)(-0.134108,-0.0152342)(0.125259,0.0425703)(-0.0321899,0.0195286)(0.0137462,-0.0641608)
(-0.0177771,-0.0895514)(0.0644008,0.0337821)(0.181554,-0.0650692)(0.0748785,0)(-0.207672,-0.0232646)(0.102578,-0.0581887)(-0.0105571,0.0592)(-0.0171109,0.076593)(-0.131527,0.0602186)(0.0315352,0.0679547)(0.0611838,-0.110128)(-0.0904889,-0.155119)
(-0.0147138,-0.0944)(-0.091131,-0.0652755)(-0.162836,0.182871)(-0.207672,0.0232646)(-0.0594306,0)(0.119605,-0.0484883)(0.191647,0.0068915)(-0.0287517,-0.113716)(0.0798071,0.0323148)(-0.211105,0.0213649)(0.0814184,0.00308018)(-0.0276477,0.0577251)
(0.129092,0.14736)(-0.0814736,0.0576263)(-0.0173639,0.0822276)(0.102578,0.0581887)(0.119605,0.0484883)(0.151157,0)(-0.151792,0.0947702)(0.129036,0.139101)(0.0145552,-0.0812901)(0.100431,0.174613)(0.0270248,0.163658)(-0.0430823,-0.0822957)
(-0.0519057,0.0280689)(0.115942,0.119312)(0.0194091,-0.0708292)(-0.0105571,-0.0592)(0.191647,-0.0068915)(-0.151792,-0.0947702)(0.107933,0)(0.264081,0.0158435)(-0.0581526,-0.0238618)(-0.00935883,-0.0789939)(-0.17657,0.0441551)(-0.0864535,-0.166838)
(0.0412629,0.215044)(0.0499961,0.0115067)(0.164135,0.0328207)(-0.0171109,-0.076593)(-0.0287517,0.113716)(0.129036,-0.139101)(0.264081,-0.0158435)(-0.215148,0)(-0.116692,-0.150715)(0.00742551,-0.012997)(-0.0399049,-0.1857)(-0.022278,-0.0359251)
(-0.0163533,-0.061409)(-0.00671371,-0.145714)(-0.134108,0.0152342)(-0.131527,-0.0602186)(0.0798071,-0.0323148)(0.0145552,0.0812901)(-0.0581526,0.0238618)(-0.116692,0.150715)(-0.160889,0)(0.0789624,-0.182526)(-0.00587536,-0.0529304)(0.247707,0.0732726)
(-0.106005,0.0837101)(-0.303709,0.17209)(0.125259,-0.0425703)(0.0315352,-0.0679547)(-0.211105,-0.0213649)(0.100431,-0.174613)(-0.00935883,0.0789939)(0.00742551,0.012997)(0.0789624,0.182526)(0.0199613,0)(-0.0760412,0.0911294)(0.102725,-0.00391905)
(0.0994608,0.0726117)(-0.0651859,0.165859)(-0.0321899,-0.0195286)(0.0611838,0.110128)(0.0814184,-0.00308018)(0.0270248,-0.163658)(-0.17657,-0.0441551)(-0.0399049,0.1857)(-0.00587536,0.0529304)(-0.0760412,-0.0911294)(-0.181412,0)(0.0503597,-0.122962)
(-0.0156656,0.202555)(-0.139141,0.064983)(0.0137462,0.0641608)(-0.0904889,0.155119)(-0.0276477,-0.0577251)(-0.0430823,0.0822957)(-0.0864535,0.166838)(-0.022278,0.0359251)(0.247707,-0.0732726)(0.102725,0.00391905)(0.0503597,0.122962)(-0.242973,0)

(0.249265,0)(0.0031001,0.0475226)(-0.0302153,-0.0697157)(0.175178,0.0741014)(-0.00396508,0.187244)(0.043546,-0.0783738)(-0.133998,-0.0910075)(-0.0714453,0.0608238)(0.0720643,-0.0402971)(-0.0961052,0.013783)(0.023808,0.0307135)(-0.0991069,-0.167593)
(0.0031001,-0.0475226)(-0.202504,0)(0.11221,0.201081)(0.0246161,-0.0793596)(0.299531,-0.0732429)(0.117374,0.128888)(-0.0217287,0.0687581)(-0.218605,-0.0842153)(-0.101346,-0.0893425)(-0.138573,0.0193552)(0.142891,-0.0753678)(-0.0638751,0.195454)
(-0.0302153,0.0697157)(0.11221,-0.201081)(-0.040593,0)(-0.132347,0.0371735)(-0.0629964,-0.0675268)(0.166687,0.158421)(-0.174226,0.136212)(0.00659733,0.0259794)(0.166978,0.0180009)(-0.227434,-0.0300758)(-0.00973087,-0.0646929)(0.0536311,0.151279)
(0.175178,-0.0741014)(0.0246161,0.0793596)(-0.132347,-0.0371735)(-0.0825276,0)(0.0691431,-0.027598)(-0.00591879,-0.000333557)(-0.170822,-0.144962)(-0.00625326,0.146394)(0.0753926,-0.0671381)(0.147044,0.262045)(-0.0328756,0.0260654)(0.12046,-0.0206768)
(-0.00396508,-0.187244)(0.299531,0.0732429)(-0.0629964,0.0675268)(0.0691431,0.027598)(0.120673,0)(0.0093164,-0.130446)(0.0803256,0.0876989)(0.0413935,-0.125486)(-0.0490741,0.0371258)(0.144162,-0.224355)(0.128618,-0.145248)(-0.053576,0.0972938)
(0.043546,0.0783738)(0.117374,-0.128888)(0.166687,-0.158421)(-0.00591879,0.000333557)(0.0093164,0.130446)(-0.151719,0)(-0.0297971,0.00408653)(-0.00573815,-0.160226)(0.0195119,0.0937743)(-0.0254481,0.0456109)(0.0446133,-0.126973)(0.0748987,-0.0141512)
(-0.133998,0.0910075)(-0.0217287,-0.0687581)(-0.174226,-0.136212)(-0.170822,0.144962)(0.0803256,-0.0876989)(-0.0297971,-0.00408653)(-0.0123701,0)(-0.134538,-0.0533849)(0.0833813,0.098599)(0.0492336,0.00838405)(-0.0284211,-0.014741)(-0.121017,-0.110402)
(-0.0714453,-0.0608238)(-0.218605,0.0842153)(0.00659733,-0.0259794)(-0.00625326,-0.146394)(0.0413935,0.125486)(-0.00573815,0.160226)(-0.134538,0.0533849)(-0.134665,0)(0.0996337,-0.175219)(0.050399,-0.0779047)(-0.00568288,-0.0666681)(-0.125013,-0.0601873)
(0.0720643,0.0402971)(-0.101346,0.0893425)(0.166978,-0.0180009)(0.0753926,0.0671381)(-0.0490741,-0.0371258)(0.0195119,-0.0937743)(0.0833813,-0.098599)(0.0996337,0.175219)(0.218426,0)(0.0718717,-0.0254378)(0.0178803,0.0383878)(0.00333497,-0.0496546)
(-0.0961052,-0.013783)(-0.138573,-0.0193552)(-0.227434,0.0300758)(0.147044,-0.262045)(0.144162,0.224355)(-0.0254481,-0.0456109)(0.0492336,-0.00838405)(0.050399,0.0779047)(0.0718717,0.0254378)(-0.0180984,0)(0.0277223,0.0445442)(0.0870159,0.0748099)
(0.023808,-0.0307135)(0.142891,0.0753678)(-0.00973087,0.0646929)(-0.0328756,-0.0260654)(0.128618,0.145248)(0.0446133,0.126973)(-0.0284211,0.014741)(-0.00568288,0.0666681)(0.0178803,-0.0383878)(0.0277223,-0.0445442)(0.0422476,0)(0.00802591,-0.0913385)
(-0.0991069,0.167593)(-0.0638751,-0.195454)(0.0536311,-0.151279)(0.12046,0.0206768)(-0.053576,-0.0972938)(0.0748987,0.0141512)(-0.121017,0.110402)(-0.125013,0.0601873)(0.00333497,0.0496546)(0.0870159,-0.0748099)(0.00802591,0.0913385)(0.0118661,0)

(0.124136,0)(0.0397685,-0.114122)(0.0763121,0.0152941)(0.0538173,0.0414735)(0.0871967,-0.149104)(-0.014119,0.0964792)(0.0413403,0.0807275)(-0.0320212,-0.0111284)(-0.224618,-0.0810147)(-0.0472524,0.0922766)(0.0315204,-0.0578131)(0.158763,-0.167824)
(0.0397685,0.114122)(-0.190219,0)(-0.0176311,0.0117721)(-0.0556043,0.336147)(-0.00399443,-0.00771659)(0.165085,0.201011)(-0.0450092,-0.00483856)(0.0983096,-0.0956799)(0.0331778,0.0196929)(-0.0564799,0.12545)(0.0513246,0.00763434)(-0.117967,-0.0535552)
(0.0763121,-0.0152941)(-0.0176311,-0.0117721)(0.0561273,0)(0.155901,0.129578)(0.119951,0.106518)(0.121585,0.130223)(0.0350604,0.0903082)(0.033648,-0.15322)(-0.0306075,-0.0215608)(-0.116561,0.0647704)(0.0537832,-0.237591)(-0.119944,0.144047)
(0.0538173,-0.0414735)(-0.0556043,-0.336147)(0.155901,-0.129578)(-0.104319,0)(0.161341,-0.110221)(0.0876452,-0.0103534)(-0.042777,-0.0422129)(0.0549417,0.00765308)(0.0300224,0.0455539)(0.0319557,-0.143449)(-0.0739037,0.226116)(-0.0388687,-0.0576952)
(0.0871967,0.149104)(-0.00399443,0.00771659)(0.119951,-0.106518)(0.161341,0.110221)(-0.0458183,0)(0.114434,0.0615342)(-0.0245079,-0.0851284)(0.0407737,0.0350074)(0.0653865,0.0818369)(0.133445,-0.124924)(0.0326312,0.0202942)(-0.122143,-0.237733)
(-0.014119,-0.0964792)(0.165085,-0.201011)(0.121585,-0.130223)(0.0876452,0.0103534)(0.114434,-0.0615342)(0.0482275,0)(0.314984,-0.0458562)(-0.148253,-0.259445)(0.189279,0.126226)(-0.0953857,-0.0296651)(-0.0573262,0.0127027)(0.136696,-0.195938)
(0.0413403,-0.0807275)(-0.0450092,0.00483856)(0.0350604,-0.0903082)(-0.042777,0.0422129)(-0.0245079,0.0851284)(0.314984,0.0458562)(-0.133138,0)(0.118976,-0.0902032)(0.0661994,0.013008)(-0.13453,-0.0130275)(-0.11558,-0.103478)(0.00890637,-0.000708799)
(-0.0320212,0.0111284)(0.0983096,0.0956799)(0.033648,0.15322)(0.0549417,-0.00765308)(0.0407737,-0.0350074)(-0.148253,0.259445)(0.118976,0.0902032)(0.0194228,0)(-0.0402157,0.0885383)(0.0276621,0.130274)(0.0419467,-0.0874279)(-0.0952566,-0.0155045)
(-0.224618,0.0810147)(0.0331778,-0.0196929)(-0.0306075,0.0215608)(0.0300224,-0.0455539)(0.0653865,-0.0818369)(0.189279,-0.126226)(0.0661994,-0.013008)(-0.0402157,-0.0885383)(0.308922,0)(-0.0815124,-0.03445)(-0.141716,0.109491)(-0.158516,0.148081)
(-0.0472524,-0.0922766)(-0.0564799,-0.12545)(-0.116561,-0.0647704)(0.0319557,0.143449)(0.133445,0.124924)(-0.0953857,0.0296651)(-0.13453,0.0130275)(0.0276621,-0.130274)(-0.0815124,0.03445)(-0.226232,0)(0.0650226,-0.094554)(0.00803192,-0.0206497)
(0.0315204,0.0578131)(0.0513246,-0.00763434)(0.0537832,0.237591)(-0.0739037,-0.226116)(0.0326312,-0.0202942)(-0.0573262,-0.0127027)(-0.11558,0.103478)(0.0419467,0.0874279)(-0.141716,-0.109491)(0.0650226,0.094554)(-0.0473653,0)(0.102478,-0.0110995)
(0.158763,0.167824)(-0.117967,0.0535552)(-0.119944,-0.144047)(-0.0388687,0.0576952)(-0.122143,0.237733)(0.136696,0.195938)(0.00890637,0.000708799)(-0.0952566,0.0155045)(-0.158516,-0.148081)(0.00803192,0.0206497)(0.102478,0.0110995)(0.190257,0)

(-0.144206,0)(0.0383541,0.202087)(0.0369204,-0.129902)(0.0763628,-0.132693)(0.204612,-0.155778)(-0.0762224,0.0556195)(0.113085,0.103251)(-0.0453242,-0.0413951)(0.161207,-0.0893361)(-0.0799687,0.139883)(-0.0730955,-0.0403915)(-0.13341,0.168822)
(0.0383541,-0.202087)(0.144501,0)(-0.00741557,-0.0148759)(0.156999,0.0396955)(0.0242327,-0.0435184)(0.043445,-0.023452)(-0.0230222,0.0782039)(0.0816416,0.037642)(0.0192015,0.302612)(-0.107295,0.0448329)(0.0071912,-0.0217921)(0.209264,0.0872874)
(0.0369204,0.129902)(-0.00741557,0.0148759)(0.132878,0)(0.175304,0.115539)(0.133784,0.0450612)(-0.128036,-0.0930048)(-0.0361593,0.140788)(-0.0117355,0.028599)(0.11394,-0.127933)(0.00748577,-0.198283)(-0.121589,0.0128984)(-0.0169027,-0.0235554)
(0.0763628,0.132693)(0.156999,-0.0396955)(0.175304,-0.115539)(0.005665,0)(0.128459,0.167444)(-0.0691261,0.204295)(7.30164e-005,-0.057001)(0.144619,-0.0272357)(-0.0013325,0.128961)(-0.0544569,-0.0919074)(-0.167923,-0.221703)(-0.0849477,0.0684325)
(0.204612,0.155778)(0.0242327,0.0435184)(0.133784,-0.0450612)(0.128459,-0.167444)(-0.0652353,0)(-0.0288002,-0.0116035)(-0.238622,0.0306687)(0.213395,0.0808591)(-0.277663,0.00560071)(-0.0214202,0.226729)(-0.125818,0.101032)(-0.0190571,0.0543797)
(-0.0762224,-0.0556195)(0.043445,0.023452)(-0.128036,0.0930048)(-0.0691261,-0.204295)(-0.0288002,0.0116035)(0.220559,0)(0.142986,0.0502071)(-0.00673563,-0.161061)(0.0613063,0.0967713)(-0.070416,-0.207401)(0.091959,0.256474)(0.131617,0.0611321)
(0.113085,-0.103251)(-0.0230222,-0.0782039)(-0.0361593,-0.140788)(7.30164e-005,0.057001)(-0.238622,-0.0306687)(0.142986,-0.0502071)(-0.100148,0)(-0.118645,-0.0651711)(0.0826679,0.0330876)(0.0239184,0.183602)(0.00868083,0.0866477)(0.0724312,0.0327606)
(-0.0453242,0.0413951)(0.0816416,-0.037642)(-0.0117355,-0.028599)(0.144619,0.0272357)(0.213395,-0.0808591)(-0.00673563,0.161061)(-0.118645,0.0651711)(0.106006,0)(-0.136353,0.087345)(0.0169385,0.0269574)(-0.0786031,0.124606)(-0.00408076,-0.00294018)
(0.161207,0.0893361)(0.0192015,-0.302612)(0.11394,0.127933)(-0.0013325,-0.128961)(-0.277663,-0.00560071)(0.0613063,-0.0967713)(0.0826679,-0.0330876)(-0.136353,-0.087345)(-0.163345,0)(0.0249706,-0.113096)(-0.174534,-0.0586874)(-0.0400993,0.0586666)
(-0.0799687,-0.139883)(-0.107295,-0.0448329)(0.00748577,0.198283)(-0.0544569,0.0919074)(-0.0214202,-0.226729)(-0.070416,0.207401)(0.0239184,-0.183602)(0.0169385,-0.0269574)(0.0249706,0.113096)(-0.0251435,0)(0.114373,-0.0895483)(0.0410895,0.0603408)
(-0.0730955,0.0403915)(0.0071912,0.0217921)(-0.121589,-0.0128984)(-0.167923,0.221703)(-0.125818,-0.101032)(0.091959,-0.256474)(0.00868083,-0.0866477)(-0.0786031,-0.124606)(-0.174534,0.0586874)(0.114373,0.0895483)(-0.26654,0)(-0.0577289,0.0436751)
(-0.13341,-0.168822)(0.209264,-0.0872874)(-0.0169027,0.0235554)(-0.0849477,-0.0684325)(-0.0190571,-0.0543797)(0.131617,-0.0611321)(0.0724312,-0.0327606)(-0.00408076,0.00294018)(-0.0400993,-0.0586666)(0.0410895,-0.0603408)(-0.0577289,-0.0436751)(0.155008,0)

(-0.340771,0)(0.0935511,-0.014739)(-0.0619265,-0.112415)(0.238879,-0.127802)(-0.187639,0.0120205)(-0.239736,0.031139)(-0.0346761,0.138555)(-0.0383526,0.0992368)(-0.0468264,-0.13052)(0.0304081,0.0357866)(0.122575,0.117333)(-0.00883424,0.130754)
(0.0935511,0.014739)(-0.0636232,0)(-0.146132,0.0845153)(0.160947,-0.0665055)(0.105956,0.00989051)(0.138194,0.00420211)(0.0923662,0.0469414)(0.0969756,-0.0744174)(-0.21419,0.157176)(-0.0863887,-0.0217163)(0.0829195,0.0422757)(-0.0785317,-0.0688222)
(-0.0619265,0.112415)(-0.146132,-0.0845153)(-0.13527,0)(0.0503701,0.111436)(-0.0792439,-0.0954532)(-0.00770596,0.0461112)(-0.00796732,0.0818708)(-0.0480759,-0.102213)(0.0743058,-0.0910477)(-0.0979726,-0.0238383)(-0.137044,-0.00585573)(-0.100925,-0.0967755)
(0.238879,0.127802)(0.160947,0.0665055)(0.0503701,-0.111436)(0.0849902,0)(-0.0224763,0.00662977)(-0.0977556,-0.0570812)(0.180325,-0.0242495)(-0.110966,0.116509)(0.0517132,0.0381671)(0.219912,-0.0757808)(0.0326496,0.104727)(-0.137367,0.26346)
(-0.187639,-0.0120205)(0.105956,-0.00989051)(-0.0792439,0.0954532)(-0.0224763,-0.00662977)(0.10956,0)(0.114906,-0.079356)(0.0870248,0.130165)(-0.049312,0.0738301)(0.211916,-0.144964)(0.00405139,0.00995716)(0.0723051,0.0736545)(-0.174837,0.121185)
(-0.239736,-0.031139)(0.138194,-0.00420211)(-0.00770596,-0.0461112)(-0.0977556,0.0570812)(0.114906,0.079356)(-0.0577024,0)(-0.074408,0.039611)(-0.00279175,0.0150747)(0.00150949,0.048598)(-0.00975091,-0.0628656)(0.0611834,0.124353)(-0.0897834,0.177077)
(-0.0346761,-0.138555)(0.0923662,-0.0469414)(-0.00796732,-0.0818708)(0.180325,0.0242495)(0.0870248,-0.130165)(-0.074408,-0.039611)(0.0806636,0)(-0.0392924,0.0928802)(-0.107406,-0.0558167)(0.0210172,-0.014162)(-0.015271,0.125401)(-0.0940776,-0.129243)
(-0.0383526,-0.0992368)(0.0969756,0.0744174)(-0.0480759,0.102213)(-0.110966,-0.116509)(-0.049312,-0.0738301)(-0.00279175,-0.0150747)(-0.0392924,-0.0928802)(0.017096,0)(0.0657889,0.0216111)(-0.0560345,0.154393)(0.172969,-0.0332156)(-0.0143626,0.0318666)
(-0.0468264,0.13052)(-0.21419,-0.157176)(0.0743058,0.0910477)(0.0517132,-0.0381671)(0.211916,0.144964)(0.00150949,-0.048598)(-0.107406,0.0558167)(0.0657889,-0.0216111)(-0.0647056,0)(0.073922,0.0533772)(-0.0123182,0.0619477)(0.0841232,0.0139165)
(0.0304081,-0.0357866)(-0.0863887,0.0217163)(-0.0979726,0.0238383)(0.219912,0.0757808)(0.00405139,-0.00995716)(-0.00975091,0.0628656)(0.0210172,0.014162)(-0.0560345,-0.154393)(0.073922,-0.0533772)(0.232718,0)(0.122889,0.00493466)(0.175213,-0.190496)
(0.122575,-0.117333)(0.0829195,-0.0422757)(-0.137044,0.00585573)(0.0326496,-0.104727)(0.0723051,-0.0736545)(0.0611834,-0.124353)(-0.015271,-0.125401)(0.172969,0.0332156)(-0.0123182,-0.0619477)(0.122889,-0.00493466)(0.189895,0)(0.00859597,0.0911246)
(-0.00883424,-0.130754)(-0.0785317,0.0688222)(-0.100925,0.0967755)(-0.137367,-0.26346)(-0.174837,-0.121185)(-0.0897834,-0.177077)(-0.0940776,0.129243)(-0.0143626,-0.0318666)(0.0841232,-0.0139165)(0.175213,0.190496)(0.00859597,-0.0911246)(-0.0528505,0)

(-0.0371638,0)(-0.0242305,-0.272785)(0.0358445,0.182234)(-0.0302889,-0.136996)(0.0928288,0.14041)(-0.139862,0.00863161)(0.0733435,-0.212335)(0.0896535,-0.0141179)(0.0578874,0.073691)(0.000907835,0.0452254)(0.0568153,0.222805)(0.133976,-0.00279353)
(-0.0242305,0.272785)(-0.216177,0)(0.0891158,-0.0761167)(-0.0154069,0.228753)(-0.0466796,0.212061)(-0.2706,-0.0823482)(-0.0660296,0.320514)(-0.166144,0.0396348)(-0.197291,-0.0183)(0.243984,-0.0905439)(0.0675934,-0.0387529)(-0.294992,-0.387607)
(0.0358445,-0.182234)(0.0891158,0.0761167)(0.296687,0)(-0.101176,0.0701314)(-0.0131863,0.0543202)(0.0587353,0.268328)(-0.0240857,-0.0811908)(0.0909403,-0.0524519)(-0.00510564,0.0796038)(0.249239,0.180422)(0.261428,0.0504939)(-0.217178,-0.131893)
(-0.0302889,0.136996)(-0.0154069,-0.228753)(-0.101176,-0.0701314)(-0.0946116,0)(0.112802,0.245533)(0.122832,0.003354)(0.12002,-0.0643428)(-0.00515106,-0.238689)(-0.287472,-0.101109)(-0.0990457,0.1258)(0.277223,-0.163868)(0.211406,0.258961)
(0.0928288,-0.14041)(-0.0466796,-0.212061)(-0.0131863,-0.0543202)(0.112802,-0.245533)(0.12459,0)(0.0085794,0.0963655)(-0.188885,0.172291)(0.0826247,-0.247582)(0.0362362,-0.164935)(0.214195,-0.112885)(-0.154686,0.210037)(-0.328298,0.0577332)
(-0.139862,-0.00863161)(-0.2706,0.0823482)(0.0587353,-0.268328)(0.122832,-0.003354)(0.0085794,-0.0963655)(-0.349,0)(0.0714297,-0.0875134)(0.0219267,0.340822)(0.220212,-0.00848504)(0.0123288,0.0158667)(0.218817,-0.180772)(-0.074163,-0.0242963)
(0.0733435,0.212335)(-0.0660296,-0.320514)(-0.0240857,0.0811908)(0.12002,0.0643428)(-0.188885,-0.172291)(0.0714297,0.0875134)(-0.297878,0)(-0.11404,-0.0781377)(0.291044,0.161971)(-0.563675,0.0583407)(-0.00833906,0.311487)(0.0748946,-0.0963216)
(0.0896535,0.0141179)(-0.166144,-0.0396348)(0.0909403,0.0524519)(-0.00515106,0.238689)(0.0826247,0.247582)(0.0219267,-0.340822)(-0.11404,0.0781377)(-0.177208,0)(-0.0632807,0.0347532)(-0.0984378,-0.188898)(0.257306,-0.0474321)(0.176534,0.0933286)
(0.0578874,-0.073691)(-0.197291,0.0183)(-0.00510564,-0.0796038)(-0.287472,0.101109)(0.0362362,0.164935)(0.220212,0.00848504)(0.291044,-0.161971)(-0.0632807,-0.0347532)(0.497931,0)(0.153483,-0.0818103)(-0.0584801,0.0638992)(-0.118106,-0.21872)
(0.000907835,-0.0452254)(0.243984,0.0905439)(0.249239,-0.180422)(-0.0990457,-0.1258)(0.214195,0.112885)(0.0123288,-0.0158667)(-0.563675,-0.0583407)(-0.0984378,0.188898)(0.153483,0.0818103)(0.394688,0)(0.234787,-0.0753919)(0.165447,0.229236)
(0.0568153,-0.222805)(0.0675934,0.0387529)(0.261428,-0.0504939)(0.277223,0.163868)(-0.154686,-0.210037)(0.218817,0.180772)(-0.00833906,-0.311487)(0.257306,0.0474321)(-0.0584801,-0.0638992)(0.234787,0.0753919)(-0.299347,0)(-0.0370618,-0.041363)
(0.133976,0.00279353)(-0.294992,0.387607)(-0.217178,0.131893)(0.211406,-0.258961)(-0.328298,-0.0577332)(-0.074163,0.0242963)(0.0748946,0.0963216)(0.176534,-0.0933286)(-0.118106,0.21872)(0.165447,-0.229236)(-0.0370618,0.041363)(0.157489,0)

(-0.195904,0)(0.173208,-0.0970341)(0.0159293,-0.107879)(0.0136961,0.044632)(0.172873,0.0627152)(-0.234623,0.000398725)(-0.0283456,0.0061893)(0.0140546,-0.0580204)(0.223663,-0.130733)(-0.145056,-0.187982)(0.0772278,0.031507)(-0.240537,0.000833194)
(0.173208,0.0970341)(0.315146,0)(0.000918851,-0.0232091)(-0.169535,0.0612564)(0.361869,-0.170445)(-0.043521,-0.236996)(0.342235,-0.0757969)(0.374654,0.2687)(0.0463479,0.0564635)(0.202516,-0.152139)(0.209323,-0.0417907)(0.212695,-0.235066)
(0.0159293,0.107879)(0.000918851,0.0232091)(-0.249537,0)(0.0457366,0.162128)(-0.0472297,-0.28708)(-0.177204,-0.194076)(0.350123,0.289444)(-0.16757,-0.0692367)(0.0997677,-0.470676)(0.135209,0.0233205)(0.0610622,0.00093542)(-0.0436841,0.0160799)
(0.0136961,-0.044632)(-0.169535,-0.0612564)(0.0457366,-0.162128)(-0.0501046,0)(0.158255,0.0832068)(0.0611369,-0.0730712)(0.0966558,0.0899334)(-0.127238,0.0620944)(0.400988,-0.317539)(-0.0444721,0.297215)(0.425165,0.148079)(-0.017978,-0.203716)
(0.172873,-0.0627152)(0.361869,0.170445)(-0.0472297,0.28708)(0.158255,-0.0832068)(-0.20967,0)(0.179534,0.141444)(-0.249794,-0.0299003)(-0.0465412,-0.144231)(0.0256913,-0.025999)(0.0759159,0.0636449)(-0.324739,-0.157615)(0.053204,0.242615)
(-0.234623,-0.000398725)(-0.043521,0.236996)(-0.177204,0.194076)(0.0611369,0.0730712)(0.179534,-0.141444)(0.200795,0)(0.287911,-0.0362342)(0.274012,-0.0589927)(-0.0416061,0.255737)(0.325783,0.114151)(0.0642168,-0.0987465)(0.264978,-0.0656472)
(-0.0283456,-0.0061893)(0.342235,0.0757969)(0.350123,-0.289444)(0.0966558,-0.0899334)(-0.249794,0.0299003)(0.287911,0.0362342)(-0.0565467,0)(-0.0787188,0.0995445)(0.297144,-0.130824)(-0.187161,-0.183313)(0.107415,-0.169271)(-0.4285,0.241583)
(0.0140546,0.0580204)(0.374654,-0.2687)(-0.16757,0.0692367)(-0.127238,-0.0620944)(-0.0465412,0.144231)(0.274012,0.0589927)(-0.0787188,-0.0995445)(0.363969,0)(0.0710905,-0.112584)(0.194419,0.182968)(0.0481647,0.00230716)(-0.268028,0.0428403)
(0.223663,0.130733)(0.0463479,-0.0564635)(0.0997677,0.470676)(0.400988,0.317539)(0.0256913,0.025999)(-0.0416061,-0.255737)(0.297144,0.130824)(0.0710905,0.112584)(0.0243405,0)(0.171841,-0.244401)(-0.327009,0.298413)(0.00906026,0.290453)
(-0.145056,0.187982)(0.202516,0.152139)(0.135209,-0.0233205)(-0.0444721,-0.297215)(0.0759159,-0.0636449)(0.325783,-0.114151)(-0.187161,0.183313)(0.194419,-0.182968)(0.171841,0.244401)(0.0446122,0)(-0.17947,0.26018)(0.0102277,-0.041084)
(0.0772278,-0.031507)(0.209323,0.0417907)(0.0610622,-0.00093542)(0.425165,-0.148079)(-0.324739,0.157615)(0.0642168,0.0987465)(0.107415,0.169271)(0.0481647,-0.00230716)(-0.327009,-0.298413)(-0.17947,-0.26018)(-0.106813,0)(0.284058,-0.231923)
(-0.240537,-0.000833194)(0.212695,0.235066)(-0.0436841,-0.0160799)(-0.017978,0.203716)(0.053204,-0.242615)(0.264978,0.0656472)(-0.4285,-0.241583)(-0.268028,-0.0428403)(0.00906026,-0.290453)(0.0102277,0.041084)(0.284058,0.231923)(-0.0802873,0)

(0.0763996,0)(-0.154864,-0.203861)(-0.0432483,0.124399)(0.354341,0.0816481)(0.0840066,0.187656)(-0.141545,0.222659)(0.165621,0.0427818)(-0.150315,-0.300587)(0.369347,0.419509)(-0.123059,0.057126)(0.0121966,0.237392)(0.17482,-0.396066)
(-0.154864,0.203861)(0.40501,0)(-0.045791,0.0622752)(-0.177601,-0.231684)(-0.0795491,0.131905)(-0.116593,-0.0152018)(0.204705,-0.216067)(-0.162048,-0.167379)(0.0309519,-0.245127)(0.29095,0.127125)(-0.207048,-0.174258)(-0.318394,0.0737051)
(-0.0432483,-0.124399)(-0.045791,-0.0622752)(-0.187197,0)(-0.231313,-0.085872)(0.219339,-0.083295)(0.0696386,-0.0565821)(-0.00349378,0.13639)(0.0301688,-0.184796)(0.158285,0.459685)(-0.350611,0.0778192)(0.0983948,0.154174)(0.113509,0.22452)
(0.354341,-0.0816481)(-0.177601,0.231684)(-0.231313,0.085872)(-0.187184,0)(-0.0839151,0.336499)(-0.0492671,-0.15432)(0.532743,-0.0543541)(-0.0932801,-0.319594)(-0.0339225,-0.0688597)(-0.0992936,-0.304247)(0.193697,0.417734)(0.0236744,-0.40604)
(0.0840066,-0.187656)(-0.0795491,-0.131905)(0.219339,0.083295)(-0.0839151,-0.336499)(-0.430162,0)(-0.106621,-0.0202849)(0.0858675,0.110652)(0.0342626,0.333446)(-0.0402232,-0.0953756)(-0.079152,-0.0946437)(-0.00676437,0.104629)(0.0383501,0.0238597)
(-0.141545,-0.222659)(-0.116593,0.0152018)(0.0696386,0.0565821)(-0.0492671,0.15432)(-0.106621,0.0202849)(0.415887,0)(-0.294078,-0.0167658)(0.0629649,0.0617204)(0.180034,-0.196846)(-0.0789028,0.0399066)(-0.37464,0.114225)(0.0324323,-0.0258563)
(0.165621,-0.0427818)(0.204705,0.216067)(-0.00349378,-0.13639)(0.532743,0.0543541)(0.0858675,-0.110652)(-0.294078,0.0167658)(0.426268,0)(-0.0827092,0.224891)(-0.165214,0.197009)(0.100763,-0.0371517)(0.184115,-0.267082)(-0.0458973,0.0613099)
(-0.150315,0.300587)(-0.162048,0.167379)(0.0301688,0.184796)(-0.0932801,0.319594)(0.0342626,-0.333446)(0.0629649,-0.0617204)(-0.0827092,-0.224891)(-0.433422,0)(-0.0717864,-0.060998)(-0.121217,-0.375248)(-0.282801,0.0228511)(0.0347423,0.0629923)
(0.369347,-0.419509)(0.0309519,0.245127)(0.158285,-0.459685)(-0.0339225,0.0688597)(-0.0402232,0.0953756)(0.180034,0.196846)(-0.165214,-0.197009)(-0.0717864,0.060998)(0.0666054,0)(0.133109,-0.11291)(0.00660305,0.253577)(0.0207156,-0.100052)
(-0.123059,-0.057126)(0.29095,-0.127125)(-0.350611,-0.0778192)(-0.0992936,0.304247)(-0.079152,0.0946437)(-0.0789028,-0.0399066)(0.100763,0.0371517)(-0.121217,0.375248)(0.133109,0.11291)(0.143545,0)(0.0787323,0.0177296)(0.194024,0.18311)
(0.0121966,-0.237392)(-0.207048,0.174258)(0.0983948,-0.154174)(0.193697,-0.417734)(-0.00676437,-0.104629)(-0.37464,-0.114225)(0.184115,0.267082)(-0.282801,-0.0228511)(0.00660305,-0.253577)(0.0787323,-0.0177296)(-0.0516362,0)(-0.0461093,-0.326168)
(0.17482,0.396066)(-0.318394,-0.0737051)(0.113509,-0.22452)(0.0236744,0.40604)(0.0383501,-0.0238597)(0.0324323,0.0258563)(-0.0458973,-0.0613099)(0.0347423,-0.0629923)(0.0207156,0.100052)(0.194024,-0.18311)(-0.0461093,0.326168)(-0.244113,0)

(-0.22307,0)(0.0931492,0.421337)(-0.0561882,-0.0582319)(-0.108511,-0.0670848)(0.00286343,-0.0829977)(0.334002,-0.0273398)(-0.0606061,-0.0669088)(0.14786,0.0503795)(-0.050783,-0.398586)(-0.147441,0.151433)(-0.0534958,0.0249045)(0.232899,-0.0596337)
(0.0931492,-0.421337)(0.0600088,0)(0.0968852,0.360249)(0.0963003,-0.0277822)(0.271112,-0.133862)(0.0383073,-0.00251667)(0.161097,-0.0308792)(-0.264181,-0.00230818)(-0.00470049,-0.116709)(0.0954462,0.193286)(0.0270759,-0.215982)(-0.315166,0.210715)
(-0.0561882,0.0582319)(0.0968852,-0.360249)(-0.345986,0)(0.273369,0.457422)(0.002916,-0.127952)(-0.396471,-0.106409)(-0.0813285,-0.157544)(0.100265,-0.0758151)(0.172766,0.0169082)(0.177049,-0.0647632)(-0.238121,0.0679353)(0.297752,0.294416)
(-0.108511,0.0670848)(0.0963003,0.0277822)(0.273369,-0.457422)(0.360512,0)(-0.182339,0.076111)(0.0470204,0.123029)(0.288951,-0.238594)(-0.0307008,-0.27104)(-0.0264999,-0.0860248)(0.130277,-0.12139)(0.0225214,-0.181616)(0.198838,0.114306)
(0.00286343,0.0829977)(0.271112,0.133862)(0.002916,0.127952)(-0.182339,-0.076111)(0.237742,0)(0.144324,-0.034608)(-0.127222,-0.33189)(0.305863,-0.0302925)(-0.119859,0.151117)(0.104205,0.308166)(-0.0891928,-0.0991102)(-0.257709,-0.260325)
(0.334002,0.0273398)(0.0383073,0.00251667)(-0.396471,0.106409)(0.0470204,-0.123029)(0.144324,0.034608)(-0.131571,0)(0.204403,-0.262448)(-0.355622,0.213561)(0.0251614,0.164502)(-0.0674217,0.0592028)(-0.153302,-0.363808)(-0.098146,-0.159542)
(-0.0606061,0.0669088)(0.161097,0.0308792)(-0.0813285,0.157544)(0.288951,0.238594)(-0.127222,0.33189)(0.204403,0.262448)(0.0113391,0)(0.0841071,-0.102013)(-0.0907571,0.282842)(-0.016099,0.366768)(-0.184885,0.278684)(-0.144002,-0.195834)
(0.14786,-0.0503795)(-0.264181,0.00230818)(0.100265,0.0758151)(-0.0307008,0.27104)(0.305863,0.0302925)(-0.355622,-0.213561)(0.0841071,0.102013)(-0.435251,0)(-0.346999,0.0301632)(0.00464536,-0.199889)(-0.00978037,0.0520469)(-0.238088,0.0212286)
(-0.050783,0.398586)(-0.00470049,0.116709)(0.172766,-0.0169082)(-0.0264999,0.0860248)(-0.119859,-0.151117)(0.0251614,-0.164502)(-0.0907571,-0.282842)(-0.346999,-0.0301632)(-0.223105,0)(-0.242666,0.256031)(-0.31704,-0.0108709)(-0.138621,0.270535)
(-0.147441,-0.151433)(0.0954462,-0.193286)(0.177049,0.0647632)(0.130277,0.12139)(0.104205,-0.308166)(-0.0674217,-0.0592028)(-0.016099,-0.366768)(0.00464536,0.199889)(-0.242666,-0.256031)(0.17942,0)(-0.0791092,0.0117265)(0.106573,0.0870678)
(-0.0534958,-0.0249045)(0.0270759,0.215982)(-0.238121,-0.0679353)(0.0225214,0.181616)(-0.0891928,0.0991102)(-0.153302,0.363808)(-0.184885,-0.278684)(-0.00978037,-0.0520469)(-0.31704,0.0108709)(-0.0791092,-0.0117265)(0.287883,0)(0.176437,0.0881993)
(0.232899,0.0596337)(-0.315166,-0.210715)(0.297752,-0.294416)(0.198838,-0.114306)(-0.257709,0.260325)(-0.098146,0.159542)(-0.144002,0.195834)(-0.238088,-0.0212286)(-0.138621,-0.270535)(0.106573,-0.0870678)(0.176437,-0.0881993)(0.222078,0)

(0.29533,0)(0.00462093,-0.0250465)(-0.11017,0.163713)(0.213612,0.00888415)(0.0719886,0.168316)(0.0618996,-0.233068)(0.115638,0.468687)(0.350343,-0.0769493)(-0.117605,-0.111197)(-0.239109,-0.0597523)(0.0542657,0.383007)(0.103224,0.00550492)
(0.00462093,0.0250465)(-0.20831,0)(-0.0959258,-0.0284881)(-0.101236,0.0460847)(0.0856941,0.237396)(-0.0759124,-0.00927571)(-0.0415347,-0.279871)(0.109621,0.0520893)(0.0671527,-0.173764)(0.00232321,-0.0619548)(-0.139697,-0.138006)(0.0376158,0.182844)
(-0.11017,-0.163713)(-0.0959258,0.0284881)(0.228056,0)(0.0189987,-0.0592042)(-0.0291347,-0.279212)(0.223715,-0.0289005)(-0.16147,-0.158192)(-0.0554339,0.108862)(-0.154765,-0.19448)(-0.146441,-0.0162608)(0.0463924,0.00758932)(0.0570609,-0.0231015)
(0.213612,-0.00888415)(-0.101236,-0.0460847)(0.0189987,0.0592042)(-0.129773,0)(0.0070963,-0.133031)(-0.304386,0.00796471)(0.516847,-0.200958)(0.150721,0.175213)(-0.205229,0.0428476)(0.0739432,0.175124)(-0.176936,0.118743)(-0.110423,0.0792601)
(0.0719886,-0.168316)(0.0856941,-0.237396)(-0.0291347,0.279212)(0.0070963,0.133031)(0.107163,0)(0.214996,-0.314337)(0.161196,0.193063)(0.132072,0.0661465)(-0.192859,0.115)(0.0184678,0.0230268)(0.0441373,0.0536423)(0.191242,-0.192553)
(0.0618996,0.233068)(-0.0759124,0.00927571)(0.223715,0.0289005)(-0.304386,-0.00796471)(0.214996,0.314337)(0.199472,0)(0.0410847,0.0996403)(0.191781,-0.235872)(-0.261908,-0.179988)(0.0700318,0.0390746)(0.0375475,-0.154091)(0.360514,-0.0542092)
(0.115638,-0.468687)(-0.0415347,0.279871)(-0.16147,0.158192)(0.516847,0.200958)(0.161196,-0.193063)(0.0410847,-0.0996403)(0.238121,0)(-0.304232,-0.174347)(-0.274452,0.202969)(-0.0358383,0.0249776)(0.128166,0.276124)(-0.310106,0.00118435)
(0.350343,0.0769493)(0.109621,-0.0520893)(-0.0554339,-0.108862)(0.150721,-0.175213)(0.132072,-0.0661465)(0.191781,0.235872)(-0.304232,0.174347)(-0.187844,0)(-0.0605288,-0.0395543)(0.117741,-0.301936)(0.244877,0.0587633)(0.0163924,0.407622)
(-0.117605,0.111197)(0.0671527,0.173764)(-0.154765,0.19448)(-0.205229,-0.0428476)(-0.192859,-0.115)(-0.261908,0.179988)(-0.274452,-0.202969)(-0.0605288,0.0395543)(-0.372296,0)(-0.203497,-0.176926)(0.179529,0.153399)(0.135825,0.116506)
(-0.239109,0.0597523)(0.00232321,0.0619548)(-0.146441,0.0162608)(0.0739432,-0.175124)(0.0184678,-0.0230268)(0.0700318,-0.0390746)(-0.0358383,-0.0249776)(0.117741,0.301936)(-0.203497,0.176926)(-0.168896,0)(0.369249,0.104523)(0.147134,-0.156126)
(0.0542657,-0.383007)(-0.139697,0.138006)(0.0463924,-0.00758932)(-0.176936,-0.118743)(0.0441373,-0.0536423)(0.0375475,0.154091)(0.128166,-0.276124)(0.244877,-0.0587633)(0.179529,-0.153399)(0.369249,-0.104523)(-0.0322068,0)(0.130816,0.204018)
(0.103224,-0.00550492)(0.0376158,-0.182844)(0.0570609,0.0231015)(-0.110423,-0.0792601)(0.191242,0.192553)(0.360514,0.0542092)(-0.310106,-0.00118435)(0.0163924,-0.407622)(0.135825,-0.116506)(0.147134,0.156126)(0.130816,-0.204018)(0.0311841,0)

(-0.107364,0)(0.199542,-0.231796)(0.115033,-0.0199352)(-0.179647,-0.252133)(-0.15542,0.0301888)(0.199794,0.280256)(-0.187737,-0.393941)(-0.0852848,0.130572)(0.286042,-0.323843)(0.14891,-0.118155)(0.0118762,0.0096126)(0.07141,-0.161245)
(0.199542,0.231796)(-0.350006,0)(-0.355599,-0.293221)(-0.280476,-0.00119065)(0.205469,0.516308)(0.289887,-0.206187)(-0.0601161,-0.212412)(0.328642,0.322173)(-0.0528061,0.084588)(0.103948,-0.427187)(-0.401126,-0.13439)(-0.357453,-0.125014)
(0.115033,0.0199352)(-0.355599,0.293221)(0.150209,0)(-0.121239,0.242514)(-0.179925,-0.58562)(0.344342,-0.37884)(0.0278863,-0.553801)(-0.0594538,-0.016329)(0.130528,0.0304917)(0.377127,0.274647)(-0.285246,-0.0183015)(0.0277673,-0.160776)
(-0.179647,0.252133)(-0.280476,0.00119065)(-0.121239,-0.242514)(0.266426,0)(0.148806,-0.174722)(-0.122427,-0.0909)(0.129335,-0.133185)(-0.0892144,0.171157)(0.286842,0.0462645)(-0.0116112,0.344886)(0.195194,0.174482)(0.0985528,-0.0593708)
(-0.15542,-0.0301888)(0.205469,-0.516308)(-0.179925,0.58562)(0.148806,0.174722)(-0.183919,0)(-0.121251,0.28235)(0.10342,-0.0787236)(0.332416,0.29539)(-0.0643286,-0.0833043)(-0.364895,0.118905)(0.281803,0.13591)(-0.0369387,0.216551)
(0.199794,-0.280256)(0.289887,0.206187)(0.344342,0.37884)(-0.122427,0.0909)(-0.121251,-0.28235)(-0.238165,0)(-0.0554041,-0.0907367)(-0.057484,0.153121)(0.369827,-0.0974647)(-0.253266,0.199711)(0.166896,0.0506822)(0.171574,-0.225349)
(-0.187737,0.393941)(-0.0601161,0.212412)(0.0278863,0.553801)(0.129335,0.133185)(0.10342,0.0787236)(-0.0554041,0.0907367)(0.29685,0)(0.0633405,0.0428193)(-0.0898013,-0.0625573)(-0.0644502,0.0594555)(0.0615155,0.00569612)(-0.0483792,0.0487853)
(-0.0852848,-0.130572)(0.328642,-0.322173)(-0.0594538,0.016329)(-0.0892144,-0.171157)(0.332416,-0.29539)(-0.057484,-0.153121)(0.0633405,-0.0428193)(0.192585,0)(0.0740456,0.0815773)(-0.104904,0.15153)(0.0168652,0.554931)(0.0674044,0.0753336)
(0.286042,0.323843)(-0.0528061,-0.084588)(0.130528,-0.0304917)(0.286842,-0.0462645)(-0.0643286,0.0833043)(0.369827,0.0974647)(-0.0898013,0.0625573)(0.0740456,-0.0815773)(0.0172611,0)(-0.0814881,0.211668)(-0.343754,-0.311263)(-0.0173492,0.232317)
(0.14891,0.118155)(0.103948,0.427187)(0.377127,-0.274647)(-0.0116112,-0.344886)(-0.364895,-0.118905)(-0.253266,-0.199711)(-0.0644502,-0.0594555)(-0.104904,-0.15153)(-0.0814881,-0.211668)(-0.0381311,0)(0.0437025,0.306719)(-0.0387642,-0.028104)
(0.0118762,-0.0096126)(-0.401126,0.13439)(-0.285246,0.0183015)(0.195194,-0.174482)(0.281803,-0.13591)(0.166896,-0.0506822)(0.0615155,-0.00569612)(0.0168652,-0.554931)(-0.343754,0.311263)(0.0437025,-0.306719)(0.0811001,0)(0.16022,-0.015882)
(0.07141,0.161245)(-0.357453,0.125014)(0.0277673,0.160776)(0.0985528,0.0593708)(-0.0369387,-0.216551)(0.171574,0.225349)(-0.0483792,-0.0487853)(0.0674044,-0.0753336)(-0.0173492,-0.232317)(-0.0387642,0.028104)(0.16022,0.015882)(-0.0868462,0)

(-0.0430109,0)(0.0029133,-0.0426614)(-0.0432502,-0.288893)(-0.103689,-0.352703)(-0.404748,0.180361)(0.202053,-0.112761)(-0.280475,0.0453852)(0.314897,-0.0804378)(-0.268438,-0.17293)(-0.0510088,-0.0231957)(0.0196374,-0.0615428)(-0.115687,0.0968447)
(0.0029133,0.0426614)(-0.17466,0)(-0.157875,-0.195046)(0.0533369,0.133682)(-0.0554049,-0.254005)(0.0787458,0.00714952)(-0.203218,0.273295)(0.112773,-0.00928685)(-0.111587,0.238074)(0.121834,-0.268713)(0.0692413,-0.342981)(-0.264064,0.0947906)
(-0.0432502,0.288893)(-0.157875,0.195046)(0.286432,0)(0.0704139,0.00394008)(0.365248,-0.0520564)(-0.496463,0.295991)(0.0456506,-0.0181122)(-0.0750121,0.190781)(0.0693176,0.0191577)(-0.0282531,0.258968)(0.268655,-0.249589)(0.149488,0.194627)
(-0.103689,0.352703)(0.0533369,-0.133682)(0.0704139,-0.00394008)(-0.0566798,0)(0.0871885,0.17531)(-0.121769,-0.0400227)(0.0591774,-0.123931)(0.106265,0.0126132)(-0.130773,-0.291831)(-0.289593,-0.0822634)(0.00808023,0.0858128)(-0.273656,0.165875)
(-0.404748,-0.180361)(-0.0554049,0.254005)(0.365248,0.0520564)(0.0871885,-0.17531)(0.238344,0)(-0.126971,-0.0120856)(0.208716,0.0514765)(0.191988,0.186024)(-0.185388,-0.396469)(-0.313725,-0.0138097)(-0.392163,0.326973)(-0.284084,0.0430027)
(0.202053,0.112761)(0.0787458,-0.00714952)(-0.496463,-0.295991)(-0.121769,0.0400227)(-0.126971,0.0120856)(-0.149143,0)(0.21324,0.0123195)(0.150245,-0.0246013)(-0.21538,-0.0696172)(0.161033,-0.163866)(-0.146926,-0.121279)(0.0243942,0.0423125)
(-0.280475,-0.0453852)(-0.203218,-0.273295)(0.0456506,0.0181122)(0.0591774,0.123931)(0.208716,-0.0514765)(0.21324,-0.0123195)(-0.211778,0)(-0.232846,0.234801)(-0.152079,0.00364586)(-0.00227074,-0.139646)(0.050772,0.0609082)(0.0551794,-0.261954)
(0.314897,0.0804378)(0.112773,0.00928685)(-0.0750121,-0.190781)(0.106265,-0.0126132)(0.191988,-0.186024)(0.150245,0.0246013)(-0.232846,-0.234801)(-0.059744,0)(-0.509473,0.0565495)(0.27652,0.00865464)(-0.302689,-0.0710425)(-0.11293,-0.174907)
(-0.268438,0.17293)(-0.111587,-0.238074)(0.0693176,-0.0191577)(-0.130773,0.291831)(-0.185388,0.396469)(-0.21538,0.0696172)(-0.152079,-0.00364586)(-0.509473,-0.0565495)(-0.270898,0)(0.0906026,-0.387899)(0.237931,0.128767)(-0.283492,0.0135561)
(-0.0510088,0.0231957)(0.121834,0.268713)(-0.0282531,-0.258968)(-0.289593,0.0822634)(-0.313725,0.0138097)(0.161033,0.163866)(-0.00227074,0.139646)(0.27652,-0.00865464)(0.0906026,0.387899)(-0.0467271,0)(-0.315446,-0.136864)(-0.311204,0.0801005)
(0.0196374,0.0615428)(0.0692413,0.342981)(0.268655,0.249589)(0.00808023,-0.0858128)(-0.392163,-0.326973)(-0.146926,0.121279)(0.050772,-0.0609082)(-0.302689,0.0710425)(0.237931,-0.128767)(-0.315446,0.136864)(0.40445,0)(-0.0541538,0.0298808)
(-0.115687,-0.0968447)(-0.264064,-0.0947906)(0.149488,-0.194627)(-0.273656,-0.165875)(-0.284084,-0.0430027)(0.0243942,-0.0423125)(0.0551794,0.261954)(-0.11293,0.174907)(-0.283492,-0.0135561)(-0.311204,-0.0801005)(-0.0541538,-0.0298808)(0.083416,0)

(-0.258154,0)(0.0911805,0.0159761)(-0.134002,-0.162894)(0.0412622,-0.351099)(0.228017,-0.0450618)(0.213568,0.19912)(-0.0886104,-0.0250814)(0.194321,-0.0114723)(0.0147254,-0.0534744)(-0.0593741,-0.0472513)(-0.0796589,-0.0778035)(0.0332949,0.315848)
(0.0911805,-0.0159761)(0.132687,0)(-0.045038,0.272015)(0.118449,0.41258)(-0.287107,0.280649)(0.0807721,0.0731383)(0.295708,-0.165297)(0.0786039,-0.0878837)(0.0765178,0.269142)(-0.0203422,0.274468)(0.115687,-0.0878459)(0.00876481,-0.0290465)
(-0.134002,0.162894)(-0.045038,-0.272015)(-0.371266,0)(0.0105643,-0.147576)(-0.340618,0.0933369)(0.157051,0.17225)(0.0298962,-0.114131)(-0.0512817,0.147047)(0.312443,-0.0273329)(-0.0523894,-0.0857627)(-0.0651973,0.0489514)(-0.136946,-0.0662941)
(0.0412622,0.351099)(0.118449,-0.41258)(0.0105643,0.147576)(0.258017,0)(0.265414,-0.0282625)(-0.311138,0.0436756)(-0.302839,0.463681)(-0.0718759,0.076346)(0.166722,0.0795163)(-0.178728,-0.176502)(-0.0989047,-0.0971193)(-0.0178102,0.0932683)
(0.228017,0.0450618)(-0.287107,-0.280649)(-0.340618,-0.0933369)(0.265414,0.0282625)(0.083903,0)(0.264176,0.566283)(0.188794,0.0833142)(-0.217904,0.0738531)(0.0749884,0.173894)(0.0629285,0.115519)(-0.118923,0.292167)(0.143796,-0.046053)
(0.213568,-0.19912)(0.0807721,-0.0731383)(0.157051,-0.17225)(-0.311138,-0.0436756)(0.264176,-0.566283)(-0.0373011,0)(0.0425936,-0.49339)(0.123966,-0.0239443)(0.440212,-0.185679)(0.404581,-0.0700577)(0.177362,0.195714)(0.101525,-0.303725)
(-0.0886104,0.0250814)(0.295708,0.165297)(0.0298962,0.114131)(-0.302839,-0.463681)(0.188794,-0.0833142)(0.0425936,0.49339)(-0.0514889,0)(0.00908151,-0.16269)(0.114585,-0.258433)(-0.192563,-0.157725)(-0.170283,-0.0108195)(0.278192,-0.183101)
(0.194321,0.0114723)(0.0786039,0.0878837)(-0.0512817,-0.147047)(-0.0718759,-0.076346)(-0.217904,-0.0738531)(0.123966,0.0239443)(0.00908151,0.16269)(0.205812,0)(-0.0340069,-0.21473)(-0.176127,0.174104)(-0.183166,0.326965)(-0.20762,0.0856145)
(0.0147254,0.0534744)(0.0765178,-0.269142)(0.312443,0.0273329)(0.166722,-0.0795163)(0.0749884,-0.173894)(0.440212,0.185679)(0.114585,0.258433)(-0.0340069,0.21473)(0.167043,0)(-0.149584,0.191557)(0.028622,-0.103749)(0.329013,-0.300509)
(-0.0593741,0.0472513)(-0.0203422,-0.274468)(-0.0523894,0.0857627)(-0.178728,0.176502)(0.0629285,-0.115519)(0.404581,0.0700577)(-0.192563,0.157725)(-0.176127,-0.174104)(-0.149584,-0.191557)(-0.0460566,0)(-0.145101,-0.11152)(0.217565,0.197306)
(-0.0796589,0.0778035)(0.115687,0.0878459)(-0.0651973,-0.0489514)(-0.0989047,0.0971193)(-0.118923,-0.292167)(0.177362,-0.195714)(-0.170283,0.0108195)(-0.183166,-0.326965)(0.028622,0.103749)(-0.145101,0.11152)(0.0361244,0)(-0.0343966,0.029007)
(0.0332949,-0.315848)(0.00876481,0.0290465)(-0.136946,0.0662941)(-0.0178102,-0.0932683)(0.143796,0.046053)(0.101525,0.303725)(0.278192,0.183101)(-0.20762,-0.0856145)(0.329013,0.300509)(0.217565,-0.197306)(-0.0343966,-0.029007)(-0.119319,0)

(-0.177191,0)(0.226112,0.122573)(0.217185,-0.235766)(0.0175237,0.0750283)(0.230043,-0.164743)(-0.248639,-0.105496)(0.195423,0.427582)(0.415146,-0.262688)(0.239445,0.417937)(-0.29245,-0.0536767)(-0.04397,0.150748)(0.0796725,-0.152717)
(0.226112,-0.122573)(0.433754,0)(0.151517,0.0804306)(-0.0806762,-0.417585)(0.0867773,-0.192075)(0.0487476,0.436295)(-0.0887766,-0.0202718)(-0.0599083,-0.145702)(0.0533893,0.0891206)(-0.361606,0.184152)(-0.362129,0.00928248)(-0.0898666,0.00134324)
(0.217185,0.235766)(0.151517,-0.0804306)(-0.213993,0)(-0.142031,0.0593813)(-0.279362,0.447268)(0.0390601,-0.239186)(0.102716,0.153751)(0.37852,0.00649846)(-0.00827664,0.0298546)(-0.0157115,-0.109193)(0.0699516,-0.0511015)(0.0554781,0.0662071)
(0.0175237,-0.0750283)(-0.0806762,0.417585)(-0.142031,-0.0593813)(0.104525,0)(-0.112212,0.0169919)(-0.0460886,0.180756)(0.0508794,-0.12613)(-0.0409345,-0.192468)(0.376469,0.214872)(0.153298,0.199845)(-0.122992,-0.169331)(-0.147328,-0.109294)
(0.230043,0.164743)(0.0867773,0.192075)(-0.279362,-0.447268)(-0.112212,-0.0169919)(0.25282,0)(0.172662,0.0412215)(0.1963,0.0173447)(-0.373252,0.116988)(-0.0529725,-0.00457993)(-0.194386,-0.0637331)(0.0724131,-0.057157)(-0.0939922,-0.166186)
(-0.248639,0.105496)(0.0487476,-0.436295)(0.0390601,0.239186)(-0.0460886,-0.180756)(0.172662,-0.0412215)(-0.042744,0)(-0.00886122,-0.0955633)(-0.206935,-0.192495)(0.222914,-0.403696)(-0.0342879,0.0476053)(-0.267243,0.13028)(-0.03839,-0.217982)
(0.195423,-0.427582)(-0.0887766,0.0202718)(0.102716,-0.153751)(0.0508794,0.12613)(0.1963,-0.0173447)(-0.00886122,0.0955633)(-0.376327,0)(-0.0821239,0.145198)(0.244182,0.0604485)(0.173813,0.000899077)(0.178531,-0.24808)(0.326993,0.178931)
(0.415146,0.262688)(-0.0599083,0.145702)(0.37852,-0.00649846)(-0.0409345,0.192468)(-0.373252,-0.116988)(-0.206935,0.192495)(-0.0821239,-0.145198)(-0.290103,0)(0.142168,-0.212047)(0.244282,-0.245325)(0.214897,-0.000501838)(0.0623665,-0.142419)
(0.239445,-0.417937)(0.0533893,-0.0891206)(-0.00827664,-0.0298546)(0.376469,-0.214872)(-0.0529725,0.00457993)(0.222914,0.403696)(0.244182,-0.0604485)(0.142168,0.212047)(0.428151,0)(-0.323248,-0.338513)(0.0978975,-0.0817137)(0.0670018,0.0556363)
(-0.29245,0.0536767)(-0.361606,-0.184152)(-0.0157115,0.109193)(0.153298,-0.199845)(-0.194386,0.0637331)(-0.0342879,-0.0476053)(0.173813,-0.000899077)(0.244282,0.245325)(-0.323248,0.338513)(0.0412596,0)(-0.204903,-0.0985786)(0.122453,0.281652)
(-0.04397,-0.150748)(-0.362129,-0.00928248)(0.0699516,0.0511015)(-0.122992,0.169331)(0.0724131,0.057157)(-0.267243,-0.13028)(0.178531,0.24808)(0.214897,0.000501838)(0.0978975,0.0817137)(-0.204903,0.0985786)(0.155799,0)(-0.166868,0.12053)
(0.0796725,0.152717)(-0.0898666,-0.00134324)(0.0554781,-0.0662071)(-0.147328,0.109294)(-0.0939922,0.166186)(-0.03839,0.217982)(0.326993,-0.178931)(0.0623665,0.142419)(0.0670018,-0.0556363)(0.122453,-0.281652)(-0.166868,-0.12053)(-0.315951,0)

830.978
