1
(0.0685451,0)(0.0738418,-0.0541269)(0.436732,-0.177917)(0.0153831,0.0939648)
(0.0738418,0.0541269)(-0.0484339,0)(0.59246,0.198621)(0.223611,0.276085)
(0.436732,0.177917)(0.59246,-0.198621)(0.116014,0)(-0.0141799,0.0325608)
(0.0153831,-0.0939648)(0.223611,-0.276085)(-0.0141799,-0.0325608)(-0.136125,0)

(0.175642,0)(0.0636872,-0.0411594)(-0.317268,0.0528223)(0.172176,-0.091431)
(0.0636872,0.0411594)(0.226779,0)(0.599742,0.0593115)(-0.270731,-0.0654552)
(-0.317268,-0.0528223)(0.599742,-0.0593115)(-0.15387,0)(-0.422684,-0.180992)
(0.172176,0.091431)(-0.270731,0.0654552)(-0.422684,0.180992)(-0.24855,0)

(-0.0314945,0)(-0.503884,0.407122)(-0.606417,-0.0438098)(-0.282945,0.240498)
(-0.503884,-0.407122)(-0.103231,0)(0.00835602,0.101012)(-0.205947,-0.286593)
(-0.606417,0.0438098)(0.00835602,-0.101012)(0.630145,0)(0.035393,0.333517)
(-0.282945,-0.240498)(-0.205947,0.286593)(0.035393,-0.333517)(-0.495419,0)

(-0.102872,0)(0.195025,0.253761)(0.0717255,0.0883368)(0.0579295,-0.00539178)
(0.195025,-0.253761)(-0.0948841,0)(0.228587,0.168654)(0.086203,0.326499)
(0.0717255,-0.0883368)(0.228587,-0.168654)(-0.339178,0)(0.198176,0.124871)
(0.0579295,0.00539178)(0.086203,-0.326499)(0.198176,-0.124871)(0.536934,0)

(-0.159343,0)(-0.20288,-0.0920021)(0.530293,-0.477563)(-0.040135,-0.231869)
(-0.20288,0.0920021)(-0.0806944,0)(0.0540422,0.00730842)(-0.294645,0.433193)
(0.530293,0.477563)(0.0540422,-0.00730842)(0.242094,0)(0.016153,-0.067763)
(-0.040135,0.231869)(-0.294645,-0.433193)(0.016153,0.067763)(-0.00205622,0)

(0.574082,0)(0.100278,-0.631527)(0.123814,-0.0491939)(0.254233,0.167628)
(0.100278,0.631527)(-0.36319,0)(-0.108459,0.162869)(-0.00344025,-0.314686)
(0.123814,0.0491939)(-0.108459,-0.162869)(0.0568675,0)(0.516244,-0.389702)
(0.254233,-0.167628)(-0.00344025,0.314686)(0.516244,0.389702)(-0.267759,0)

(0.135712,0)(-0.00941222,-0.0137091)(0.043041,0.0657619)(0.115687,0.144369)
(-0.00941222,0.0137091)(-0.183987,0)(-0.121877,-0.14519)(0.389259,0.47707)
(0.043041,-0.0657619)(-0.121877,0.14519)(0.124624,0)(0.427925,-0.0160736)
(0.115687,-0.144369)(0.389259,-0.47707)(0.427925,0.0160736)(-0.076349,0)

(0.571288,0)(0.468585,0.137555)(-0.269437,-0.242012)(0.131209,0.521262)
(0.468585,-0.137555)(-0.196538,0)(-0.509452,0.229505)(-0.0484297,-0.0741481)
(-0.269437,0.242012)(-0.509452,-0.229505)(-0.128183,0)(0.0836831,0.0108505)
(0.131209,-0.521262)(-0.0484297,0.0741481)(0.0836831,-0.0108505)(-0.246568,0)

(0.11637,0)(-0.280316,-0.263497)(0.0521251,0.0622062)(-0.518044,-0.335091)
(-0.280316,0.263497)(-0.125551,0)(0.330334,0.152108)(-0.215321,-0.157522)
(0.0521251,-0.0622062)(0.330334,-0.152108)(-0.282635,0)(-0.214432,0.13199)
(-0.518044,0.335091)(-0.215321,0.157522)(-0.214432,-0.13199)(0.291817,0)

(0.0377233,0)(-0.0923448,-0.496684)(-0.807134,-0.317664)(-0.983101,0.992992)
(-0.0923448,0.496684)(-0.526693,0)(-0.622697,-0.565363)(-0.118851,0.0788708)
(-0.807134,0.317664)(-0.622697,0.565363)(-0.138001,0)(-0.930526,-0.8029)
(-0.983101,-0.992992)(-0.118851,-0.0788708)(-0.930526,0.8029)(0.626971,0)

(1.92248,0)(-0.673805,-0.0315044)(0.583205,0.470673)(-0.132481,-0.367938)
(-0.673805,0.0315044)(-1.30821,0)(-0.374477,-0.260513)(-0.110786,0.832994)
(0.583205,-0.470673)(-0.374477,0.260513)(-0.7959,0)(-0.57629,-1.1165)
(-0.132481,0.367938)(-0.110786,-0.832994)(-0.57629,1.1165)(0.181639,0)

(-0.299646,0)(-0.911836,0.199569)(1.15324,0.11684)(-0.181359,0.894126)
(-0.911836,-0.199569)(0.769006,0)(-0.920343,0.586523)(1.47031,-0.012357)
(1.15324,-0.11684)(-0.920343,-0.586523)(-0.702512,0)(-1.12216,0.564082)
(-0.181359,-0.894126)(1.47031,0.012357)(-1.12216,-0.564082)(0.233152,0)

(-0.61893,0)(-0.0809193,0.518674)(-0.741792,0.128462)(-0.7112,0.402156)
(-0.0809193,-0.518674)(-0.737773,0)(0.0861282,-0.195102)(0.168195,-0.258903)
(-0.741792,-0.128462)(0.0861282,0.195102)(-0.542781,0)(0.0385624,-1.35475)
(-0.7112,-0.402156)(0.168195,0.258903)(0.0385624,1.35475)(1.89948,0)

(0.458633,0)(0.634698,0.110866)(-0.0646717,-0.0308407)(0.167903,0.722966)
(0.634698,-0.110866)(0.0279226,0)(-0.268903,-0.271103)(-0.195175,-0.692494)
(-0.0646717,0.0308407)(-0.268903,0.271103)(-0.0529916,0)(-0.883096,-0.787138)
(0.167903,-0.722966)(-0.195175,0.692494)(-0.883096,0.787138)(-0.433564,0)

(0.909958,0)(-0.61638,-0.631398)(-0.250064,-0.147545)(0.987014,-0.462936)
(-0.61638,0.631398)(0.0539524,0)(-0.436227,0.16553)(0.16885,0.896761)
(-0.250064,0.147545)(-0.436227,-0.16553)(-0.644535,0)(-0.723537,-0.701905)
(0.987014,0.462936)(0.16885,-0.896761)(-0.723537,0.701905)(-0.319375,0)

(-0.44919,0)(0.508286,-0.00571931)(-0.138318,0.360252)(-0.302632,0.11074)
(0.508286,0.00571931)(1.00162,0)(0.690067,-0.813153)(-0.527031,-0.85576)
(-0.138318,-0.360252)(0.690067,0.813153)(-0.209615,0)(0.881029,-0.219073)
(-0.302632,-0.11074)(-0.527031,0.85576)(0.881029,0.219073)(-0.342814,0)

(-0.586611,0)(0.46266,0.00603461)(0.553823,-1.17775)(-0.450298,-0.157174)
(0.46266,-0.00603461)(0.159683,0)(0.337913,0.388617)(-0.269304,-0.167616)
(0.553823,1.17775)(0.337913,-0.388617)(0.701159,0)(0.167295,-0.036126)
(-0.450298,0.157174)(-0.269304,0.167616)(0.167295,0.036126)(-0.27423,0)

(0.303411,0)(0.484681,0.00545717)(-0.137609,0.584128)(0.614938,0.0993558)
(0.484681,-0.00545717)(-0.202824,0)(0.42215,0.0207946)(-0.0266175,0.13418)
(-0.137609,-0.584128)(0.42215,-0.0207946)(0.0731587,0)(-0.311315,0.655978)
(0.614938,-0.0993558)(-0.0266175,-0.13418)(-0.311315,-0.655978)(-0.173746,0)

78.8814
